#Lane	Cycle	All A	All C	All G	All T	Call A	Call C	Call G	Call T	Base A	Base C	Base G	Base T
1	1	308.7	644.2	443.9	373.5	1757.0	1757.6	1773.3	1766.4	17.6	36.3	25.0	21.0	
1	2	267.0	555.1	361.8	368.3	1565.9	1497.2	1553.4	1564.3	16.7	36.9	23.0	23.4	
1	3	253.9	555.2	345.3	341.4	1522.4	1449.6	1471.3	1511.8	16.2	38.1	23.3	22.4	
1	4	246.8	528.5	349.7	336.4	1515.1	1418.9	1437.5	1459.7	15.9	37.1	24.1	22.9	
1	5	256.5	485.6	341.6	355.1	1451.3	1397.0	1419.2	1451.0	17.3	34.6	23.8	24.2	
1	6	257.5	474.1	354.6	339.1	1445.3	1383.2	1413.4	1425.4	17.5	34.2	24.8	23.6	
1	7	262.2	436.6	330.9	373.9	1403.5	1371.0	1386.2	1402.6	18.3	31.6	23.6	26.5	
1	8	252.7	445.5	326.1	361.4	1389.5	1354.0	1366.6	1384.2	17.9	32.7	23.5	25.9	
1	9	258.3	443.1	326.0	352.1	1381.4	1348.1	1363.1	1374.6	18.3	32.7	23.5	25.4	
1	10	256.5	443.4	327.3	334.7	1360.9	1329.8	1337.9	1367.0	18.5	33.1	24.1	24.3	
1	11	248.1	427.8	334.6	332.7	1340.6	1314.3	1317.6	1347.6	18.1	32.4	25.1	24.5	
1	12	249.3	427.7	332.8	324.2	1325.6	1304.2	1299.6	1351.9	18.4	32.6	25.3	23.7	
1	13	249.3	419.0	322.7	317.9	1298.3	1285.5	1276.1	1315.0	18.8	32.4	24.9	23.9	
1	14	243.5	418.8	310.4	321.9	1284.2	1276.1	1257.3	1297.1	18.5	32.6	24.3	24.6	
1	15	238.6	418.3	306.3	322.9	1275.6	1267.8	1246.6	1288.7	18.3	32.8	24.2	24.8	
1	16	229.2	419.3	308.3	306.5	1257.7	1239.2	1230.1	1263.7	17.8	33.6	24.6	24.0	
1	17	229.2	418.3	311.0	290.0	1247.0	1228.6	1215.0	1241.4	17.9	33.8	25.1	23.1	
1	18	227.0	408.0	308.0	287.8	1218.6	1215.3	1195.7	1221.5	18.2	33.3	25.3	23.3	
1	19	229.9	404.1	296.7	283.6	1208.4	1195.7	1177.2	1205.6	18.6	33.5	24.7	23.2	
1	20	228.0	400.9	297.0	282.7	1198.3	1194.2	1169.6	1197.7	18.5	33.2	24.9	23.4	
1	21	226.4	393.4	291.8	275.6	1176.4	1171.7	1150.2	1174.4	18.7	33.2	24.9	23.2	
1	22	225.7	390.6	283.2	273.8	1167.2	1158.9	1133.0	1156.0	18.8	33.3	24.5	23.4	
1	23	217.9	391.7	280.9	270.4	1149.6	1148.2	1119.3	1144.3	18.4	33.7	24.6	23.3	
1	24	210.5	390.2	272.7	268.1	1129.5	1128.5	1100.0	1123.0	18.1	34.1	24.2	23.5	
1	25	201.3	389.1	274.5	270.6	1125.9	1120.2	1099.0	1113.1	17.3	34.3	24.4	24.0	
1	26	199.0	383.7	264.1	269.3	1101.0	1100.8	1078.1	1095.7	17.5	34.4	23.9	24.2	
1	27	200.0	380.9	258.3	269.1	1093.2	1092.7	1067.5	1089.1	17.7	34.3	23.6	24.4	
1	28	205.5	370.2	257.4	262.5	1074.1	1079.2	1056.9	1078.2	18.5	33.7	23.7	24.0	
1	29	199.9	366.6	256.9	251.5	1054.1	1057.0	1037.3	1055.5	18.3	34.1	24.1	23.4	
1	30	197.0	361.8	254.9	253.5	1047.0	1053.5	1028.5	1039.0	18.1	33.7	24.1	24.0	
1	31	195.2	365.1	247.1	251.7	1030.0	1042.1	1019.2	1031.1	18.2	34.3	23.4	24.0	
1	32	188.6	364.5	253.9	239.1	1020.9	1025.1	1002.3	1019.8	17.7	34.9	24.5	22.9	
1	33	184.0	367.0	241.3	241.9	1014.7	1013.2	984.5	1007.2	17.3	35.5	23.6	23.5	
1	34	183.7	352.7	242.4	239.4	999.1	995.8	968.1	992.3	17.6	34.6	24.2	23.6	
1	35	184.3	346.3	236.9	236.4	981.1	983.8	950.8	978.3	18.0	34.4	24.0	23.6	
1	36	187.4	336.7	228.0	241.7	963.5	973.3	941.3	969.3	18.6	33.8	23.3	24.3	
1	37	186.1	337.8	229.7	230.5	951.5	963.6	935.5	954.6	18.7	34.2	23.6	23.5	
1	38	181.8	335.6	222.9	223.2	924.9	944.1	915.2	931.1	18.7	34.5	23.4	23.3	
1	39	178.5	338.3	221.9	219.5	913.1	938.7	910.7	926.2	18.6	35.0	23.4	23.0	
1	40	174.0	330.5	221.9	214.6	897.5	920.5	890.3	910.3	18.4	34.8	23.9	22.8	
1	41	167.6	327.5	218.4	218.1	888.6	910.5	880.0	900.7	17.9	34.8	23.8	23.5	
1	42	162.3	324.2	217.5	217.6	871.6	900.8	870.1	892.3	17.7	34.7	24.0	23.6	
1	43	163.3	317.9	212.1	215.3	858.5	888.0	854.7	880.7	18.0	34.6	23.8	23.6	
1	44	164.9	312.5	208.6	212.4	855.6	877.3	844.2	864.7	18.3	34.5	23.6	23.7	
1	45	158.0	306.9	211.8	205.8	835.2	864.3	830.4	845.3	17.9	34.2	24.4	23.5	
1	46	160.0	298.6	211.7	199.9	827.9	847.3	819.5	836.2	18.3	34.1	24.6	23.0	
1	47	158.7	298.6	209.8	197.1	821.3	838.6	817.2	827.2	18.2	34.5	24.4	22.9	
1	48	151.1	297.6	204.3	200.1	807.4	829.9	804.8	812.1	17.6	34.6	24.2	23.6	
1	49	151.8	287.6	198.8	201.2	796.4	813.9	793.4	797.1	17.9	34.1	23.8	24.2	
1	50	147.0	289.5	199.0	198.9	786.8	808.9	787.8	793.8	17.5	34.5	24.0	24.0	
1	51	146.5	285.9	196.6	191.9	769.4	794.8	772.5	782.1	17.8	34.6	24.2	23.3	
1	52	149.3	285.5	193.1	181.4	761.2	782.4	762.0	768.0	18.4	35.2	24.0	22.4	
1	53	144.6	278.7	185.1	188.9	747.9	772.5	750.5	756.8	18.1	34.7	23.3	23.8	
1	54	158.6	298.1	206.8	202.9	770.8	804.4	790.4	784.9	18.1	34.7	23.6	23.6	
1	55	242.1	520.8	315.3	298.3	1369.8	1362.9	1369.0	1363.0	17.7	37.8	22.9	21.7	
1	56	235.3	490.5	283.2	296.3	1292.4	1288.5	1290.1	1290.5	18.1	37.7	21.5	22.7	
1	57	215.9	504.7	284.6	278.5	1269.6	1264.2	1266.7	1264.9	16.8	39.5	22.0	21.7	
1	58	197.3	484.8	293.5	277.3	1241.9	1234.3	1239.0	1236.7	15.7	38.9	23.3	22.1	
1	59	219.6	425.1	283.7	294.8	1212.3	1202.3	1210.7	1208.1	17.9	35.0	23.0	24.1	
1	60	216.1	424.1	289.6	279.0	1194.0	1188.5	1196.8	1195.2	17.9	35.3	23.8	23.0	
1	61	218.6	384.6	270.4	310.8	1170.9	1164.2	1169.0	1172.4	18.4	32.7	22.8	26.1	
1	62	215.5	385.6	267.7	300.7	1156.0	1148.2	1156.8	1153.6	18.3	33.2	22.7	25.7	
1	63	217.5	387.0	266.1	289.3	1142.6	1136.0	1147.2	1144.9	18.7	33.7	22.7	24.9	
1	64	217.9	382.3	270.4	270.2	1125.2	1119.5	1126.4	1124.4	19.1	33.7	23.5	23.6	
1	65	218.0	367.4	276.7	265.6	1109.7	1104.4	1113.1	1111.5	19.3	32.8	24.3	23.5	
1	66	219.2	363.0	277.5	257.5	1099.9	1091.9	1100.1	1103.3	19.6	32.8	24.6	22.9	
1	67	219.3	354.5	268.0	255.9	1083.3	1072.2	1079.2	1079.6	19.9	32.6	24.2	23.2	
1	68	216.2	351.6	267.5	252.2	1075.0	1061.9	1067.7	1068.5	19.7	32.7	24.5	23.1	
1	69	210.9	345.7	265.1	249.3	1055.1	1047.1	1051.2	1053.5	19.6	32.5	24.6	23.2	
1	70	205.2	350.3	265.9	237.2	1044.9	1036.0	1038.8	1033.1	19.2	33.3	24.9	22.5	
1	71	206.9	343.0	270.9	229.0	1037.0	1025.8	1030.4	1026.3	19.5	33.0	25.6	21.8	
1	72	204.9	333.5	265.4	227.6	1017.1	1009.5	1009.5	1005.2	19.7	32.5	25.6	22.1	
1	73	207.6	327.4	263.3	224.5	1010.5	998.5	1001.3	999.0	20.1	32.2	25.6	22.0	
1	74	206.1	319.7	261.8	223.0	995.2	985.6	991.0	986.6	20.2	31.9	25.7	22.1	
1	75	204.9	314.2	261.7	219.3	985.2	973.0	981.1	974.9	20.3	31.7	25.9	22.0	
1	76	202.1	309.3	261.5	217.5	975.6	962.9	970.5	965.2	20.2	31.5	26.2	22.0	
1	77	200.8	307.0	258.6	211.3	960.2	951.8	958.6	951.6	20.4	31.6	26.2	21.6	
1	78	194.7	307.7	255.8	212.4	952.8	943.3	953.7	943.2	19.9	32.0	26.0	21.9	
1	79	189.6	300.1	254.5	214.7	942.7	929.2	944.3	929.6	19.6	31.6	26.2	22.5	
1	80	188.3	299.2	246.3	216.3	931.0	920.8	931.5	924.1	19.7	31.8	25.6	22.8	
1	81	186.3	297.5	240.6	210.6	915.8	907.4	915.9	908.3	19.8	32.1	25.5	22.5	
1	82	187.7	284.8	241.6	206.7	899.9	891.2	904.8	896.3	20.3	31.3	25.9	22.4	
1	83	182.9	284.1	240.8	204.2	892.7	882.5	894.6	882.9	19.9	31.4	26.1	22.4	
1	84	183.5	274.8	238.2	200.7	878.1	868.6	879.6	866.0	20.3	30.9	26.2	22.5	
1	85	181.1	274.0	232.5	197.0	865.2	856.1	867.7	852.5	20.3	31.2	25.9	22.4	
1	86	174.5	276.5	231.6	190.2	853.3	844.7	851.5	844.0	19.8	31.9	26.3	21.8	
1	87	170.8	276.3	229.8	190.9	846.5	838.5	847.8	837.9	19.5	32.2	26.2	22.0	
1	88	169.5	267.3	229.4	189.1	831.8	823.2	835.4	826.7	19.7	31.7	26.5	22.0	
1	89	168.5	262.4	226.9	189.8	824.8	816.3	827.0	818.1	19.7	31.3	26.5	22.3	
1	90	169.6	257.3	221.8	189.0	814.0	808.7	817.7	808.5	20.2	31.0	26.2	22.5	
1	91	166.8	254.9	219.0	185.9	799.5	797.3	805.3	799.3	20.2	31.1	26.2	22.4	
1	92	167.4	254.7	218.0	182.5	796.5	792.4	801.6	791.3	20.3	31.3	26.2	22.1	
1	93	163.9	253.3	212.9	177.5	782.4	778.5	784.9	778.1	20.2	31.7	26.1	21.9	
1	94	163.3	248.7	210.9	174.1	771.6	766.1	774.1	768.0	20.4	31.6	26.1	21.7	
1	95	156.9	248.1	210.7	173.0	762.2	759.0	767.0	759.8	19.9	31.7	26.4	21.9	
1	96	153.0	243.1	208.1	171.2	747.6	744.2	754.8	746.1	19.7	31.7	26.5	22.0	
1	97	155.5	238.4	208.1	167.1	742.5	738.0	748.0	739.7	20.2	31.3	26.7	21.6	
1	98	155.2	235.6	205.1	164.3	733.3	730.9	739.3	728.7	20.3	31.3	26.6	21.6	
1	99	153.4	229.3	205.1	160.5	722.6	718.1	728.4	714.8	20.3	31.0	27.0	21.5	
1	100	153.2	222.9	207.3	156.1	711.2	708.0	719.5	707.9	20.6	30.5	27.7	21.1	
1	101	152.2	220.7	204.3	155.5	705.3	701.8	711.4	702.6	20.7	30.5	27.5	21.1	
1	102	145.2	217.7	197.3	155.2	687.2	686.1	693.4	684.9	20.2	30.8	27.3	21.6	
1	103	142.1	212.5	199.2	157.7	682.1	679.0	691.0	682.0	19.9	30.3	27.6	22.1	
1	104	138.0	215.9	196.0	154.3	674.6	672.4	682.9	672.9	19.5	31.2	27.4	21.8	
1	105	135.7	213.5	198.3	147.6	664.1	662.2	675.5	662.9	19.4	31.2	28.0	21.1	
1	106	136.8	212.8	197.2	141.1	657.6	654.6	668.1	655.9	19.8	31.5	28.2	20.4	
1	107	132.4	207.9	190.5	142.1	643.1	642.0	653.2	641.3	19.6	31.4	27.8	21.1	
1	108	144.2	216.8	214.5	147.7	665.9	670.1	691.3	658.2	19.7	31.0	28.4	20.7	
#Lane	Cycle	All A	All C	All G	All T	Call A	Call C	Call G	Call T	Base A	Base C	Base G	Base T
2	1	304.9	565.7	459.2	347.9	1655.7	1630.7	1667.5	1682.7	18.5	33.8	27.3	20.3	
2	2	248.6	531.9	399.9	357.3	1512.0	1493.9	1520.9	1552.1	16.3	35.0	26.0	22.7	
2	3	230.0	543.7	398.8	317.5	1475.5	1450.5	1469.6	1494.3	15.3	36.8	26.9	21.0	
2	4	223.3	518.7	397.1	319.5	1446.8	1420.0	1440.7	1457.1	15.2	35.9	27.3	21.6	
2	5	227.8	482.4	384.2	337.8	1417.7	1392.0	1412.8	1430.9	15.8	34.0	26.8	23.3	
2	6	235.8	474.1	381.7	327.2	1403.3	1378.6	1401.5	1413.6	16.6	33.8	26.8	22.9	
2	7	256.9	422.6	349.2	363.2	1370.2	1355.2	1370.9	1384.2	18.5	30.5	25.0	26.0	
2	8	255.7	435.5	337.7	352.6	1358.3	1349.3	1360.8	1367.7	18.6	31.7	24.3	25.5	
2	9	256.0	430.1	333.2	344.8	1342.9	1333.3	1339.7	1348.5	18.8	31.7	24.3	25.3	
2	10	254.5	427.7	340.8	319.5	1321.4	1313.6	1314.3	1327.6	18.9	31.9	25.4	23.8	
2	11	250.3	424.2	337.9	316.5	1305.0	1302.1	1298.4	1313.2	18.9	32.0	25.4	23.8	
2	12	247.2	419.9	333.7	307.5	1282.8	1282.1	1278.7	1292.5	18.9	32.1	25.5	23.5	
2	13	245.9	411.4	330.6	296.0	1259.7	1259.0	1250.9	1265.8	19.1	32.0	25.8	23.1	
2	14	237.3	415.2	324.0	293.1	1244.6	1243.8	1235.7	1253.9	18.7	32.7	25.5	23.1	
2	15	230.1	410.2	319.8	291.8	1225.0	1226.9	1220.0	1231.1	18.4	32.8	25.5	23.4	
2	16	222.8	407.6	316.0	284.7	1203.0	1203.9	1198.5	1212.8	18.1	33.2	25.6	23.1	
2	17	222.6	407.1	315.5	272.2	1191.1	1190.5	1184.4	1197.5	18.3	33.5	25.9	22.4	
2	18	220.5	397.7	308.7	265.2	1163.9	1165.4	1158.7	1172.4	18.5	33.4	25.8	22.3	
2	19	221.7	390.3	304.2	262.6	1152.0	1153.1	1139.3	1161.3	18.8	33.1	25.8	22.2	
2	20	217.6	384.3	299.7	261.6	1139.3	1139.6	1122.2	1140.2	18.6	33.0	25.8	22.5	
2	21	220.3	375.5	289.2	253.9	1111.7	1115.9	1098.8	1114.6	19.3	32.9	25.4	22.4	
2	22	219.4	373.5	287.5	248.1	1102.2	1104.5	1083.8	1105.6	19.4	33.0	25.6	22.0	
2	23	213.2	369.5	281.8	243.1	1078.8	1085.3	1062.4	1083.4	19.2	33.3	25.6	21.9	
2	24	209.9	367.4	274.2	240.2	1060.9	1069.2	1048.0	1063.5	19.2	33.5	25.2	22.1	
2	25	201.8	362.8	273.8	239.6	1045.8	1052.7	1033.6	1054.3	18.7	33.6	25.5	22.2	
2	26	197.7	357.2	267.2	240.8	1029.4	1038.3	1018.3	1036.0	18.6	33.5	25.2	22.7	
2	27	198.1	354.6	263.1	234.7	1017.9	1026.2	1003.9	1023.6	18.8	33.6	25.1	22.4	
2	28	199.1	341.6	255.6	232.8	997.3	1002.6	983.6	1001.2	19.3	33.1	24.9	22.7	
2	29	197.9	335.8	255.5	225.9	981.0	989.8	967.9	986.4	19.4	33.0	25.3	22.3	
2	30	193.1	334.0	254.7	221.1	966.6	977.1	954.3	970.6	19.2	33.2	25.5	22.1	
2	31	187.3	333.0	250.9	217.4	948.8	958.0	940.4	956.0	18.9	33.7	25.4	22.0	
2	32	181.6	337.0	249.1	211.1	937.7	945.8	930.5	946.9	18.4	34.5	25.5	21.6	
2	33	176.1	337.9	240.7	210.9	923.4	933.8	914.5	933.5	18.1	35.1	25.0	21.8	
2	34	172.9	328.6	237.7	208.5	906.7	916.8	892.7	915.1	18.1	34.7	25.2	22.0	
2	35	173.2	321.7	235.4	207.5	896.4	907.0	881.7	900.5	18.3	34.3	25.2	22.1	
2	36	174.7	313.9	228.5	206.3	878.1	889.9	870.6	885.3	18.8	34.0	24.8	22.4	
2	37	173.6	310.6	223.5	202.8	867.7	875.2	861.4	870.6	18.9	34.3	24.4	22.4	
2	38	172.2	304.4	219.2	196.0	842.1	856.1	843.6	853.0	19.3	34.1	24.5	22.1	
2	39	166.6	302.2	215.6	196.5	829.9	845.2	833.4	841.2	18.9	34.4	24.3	22.4	
2	40	161.3	299.9	212.0	192.2	815.9	830.3	815.0	825.1	18.5	34.7	24.4	22.3	
2	41	160.0	297.4	210.3	189.7	803.5	824.7	804.6	816.1	18.7	34.5	24.5	22.2	
2	42	154.4	294.9	207.7	187.0	791.4	809.9	789.1	802.3	18.3	34.8	24.6	22.3	
2	43	153.3	293.1	205.3	182.3	780.1	797.6	778.5	791.4	18.4	35.1	24.6	21.9	
2	44	154.9	285.2	204.9	178.2	771.6	785.2	768.3	778.2	18.8	34.7	24.8	21.7	
2	45	150.0	279.4	202.9	173.5	751.6	769.2	751.4	759.2	18.6	34.6	25.1	21.7	
2	46	149.4	272.6	205.1	169.2	743.0	758.9	740.5	750.8	18.8	34.2	25.8	21.3	
2	47	146.4	268.2	205.4	168.0	733.3	749.0	731.6	742.0	18.6	34.0	26.1	21.3	
2	48	142.7	262.9	198.8	170.1	723.0	736.1	715.5	722.6	18.3	33.9	25.7	22.1	
2	49	139.4	258.6	195.7	170.6	712.2	726.2	706.2	710.4	18.1	33.7	25.6	22.5	
2	50	133.3	258.8	195.1	167.7	702.8	715.4	694.3	703.1	17.5	34.3	26.0	22.2	
2	51	133.0	255.0	191.0	162.3	688.4	702.2	679.3	687.8	17.8	34.3	26.0	21.9	
2	52	132.3	253.2	189.5	157.4	677.7	692.2	668.3	681.0	18.0	34.5	26.1	21.4	
2	53	128.8	246.6	182.9	157.2	661.3	675.9	653.2	664.3	17.9	34.4	25.7	21.9	
2	54	138.1	266.2	203.6	168.5	684.8	710.8	691.3	691.5	17.8	34.5	26.0	21.7	
2	55	220.5	445.9	329.3	262.7	1225.0	1223.9	1249.4	1240.0	17.9	35.5	25.9	20.6	
2	56	202.0	433.7	291.9	262.7	1163.7	1161.3	1160.2	1153.8	17.2	36.3	24.3	22.2	
2	57	175.4	461.4	304.0	235.2	1140.1	1146.4	1142.8	1134.4	15.0	39.1	25.7	20.1	
2	58	161.6	442.0	304.2	237.2	1110.7	1112.1	1109.5	1109.1	14.1	38.6	26.6	20.7	
2	59	176.7	388.0	293.3	261.4	1082.0	1083.8	1079.3	1090.2	15.9	34.6	26.3	23.2	
2	60	182.1	387.8	286.9	244.1	1068.7	1063.9	1062.2	1070.3	16.5	35.4	26.1	22.0	
2	61	196.4	338.7	261.3	279.6	1039.1	1037.4	1034.6	1048.7	18.3	31.5	24.3	25.8	
2	62	199.6	342.2	251.3	274.7	1032.7	1024.5	1024.5	1040.2	18.7	32.3	23.6	25.5	
2	63	196.2	338.0	251.8	261.5	1008.4	1003.9	1004.0	1019.3	18.8	32.5	24.0	24.7	
2	64	194.8	338.8	256.2	241.2	991.1	986.8	990.9	1001.9	18.9	33.2	24.7	23.1	
2	65	189.3	332.0	259.5	236.9	974.5	973.4	975.8	989.3	18.7	32.9	25.5	23.0	
2	66	188.4	330.9	248.6	232.5	957.8	955.6	959.7	970.6	18.9	33.4	24.7	23.0	
2	67	193.1	322.3	248.6	224.3	947.3	944.5	947.0	952.6	19.5	32.9	25.0	22.5	
2	68	187.1	325.8	239.6	217.9	929.4	927.3	929.3	934.7	19.2	33.9	24.6	22.3	
2	69	181.4	317.8	238.5	218.1	916.0	911.8	912.5	917.7	18.8	33.5	24.9	22.7	
2	70	177.1	319.8	237.3	210.8	906.0	901.0	900.2	906.5	18.6	34.2	25.0	22.2	
2	71	176.5	312.3	237.5	202.4	892.5	881.3	887.1	891.5	18.8	34.2	25.4	21.6	
2	72	175.3	306.9	237.3	195.7	875.1	868.5	874.0	875.6	19.0	34.0	25.7	21.2	
2	73	173.4	301.6	233.1	191.8	860.5	852.9	858.8	861.0	19.1	34.0	25.7	21.1	
2	74	172.3	288.4	231.5	192.5	845.0	834.7	843.2	849.3	19.3	33.2	26.0	21.5	
2	75	168.9	283.6	229.2	190.1	831.1	819.9	833.4	836.2	19.2	33.2	25.9	21.6	
2	76	166.5	276.3	229.2	184.7	814.7	804.2	820.6	822.2	19.3	33.0	26.3	21.3	
2	77	166.0	272.3	230.6	179.7	803.8	794.9	813.3	815.4	19.5	32.9	26.7	20.8	
2	78	162.3	272.0	226.6	178.2	796.4	785.7	804.3	801.9	19.1	33.3	26.5	21.0	
2	79	159.0	263.3	226.5	174.4	780.9	769.8	789.5	786.6	19.1	32.8	27.0	21.0	
2	80	158.3	259.8	225.0	172.9	775.3	761.4	781.8	779.4	19.1	32.7	27.1	21.0	
2	81	155.0	258.3	215.6	169.8	757.1	747.3	761.4	760.4	19.2	33.1	26.5	21.1	
2	82	156.8	249.8	212.1	168.9	747.3	735.8	748.8	752.2	19.7	32.5	26.5	21.2	
2	83	154.7	244.7	212.0	167.1	739.5	725.2	740.5	740.8	19.6	32.3	26.8	21.2	
2	84	152.0	240.4	210.4	161.5	725.6	712.5	727.6	722.9	19.6	32.2	27.0	21.0	
2	85	150.7	239.1	208.0	156.5	715.6	703.4	718.4	711.0	19.7	32.4	27.1	20.7	
2	86	146.4	240.3	205.3	152.3	702.7	696.4	706.6	702.7	19.4	32.9	27.2	20.3	
2	87	142.4	239.5	203.2	149.1	691.0	687.8	695.7	690.3	19.1	33.3	27.3	20.2	
2	88	140.6	234.1	201.8	147.8	680.4	675.1	682.8	685.5	19.1	33.1	27.6	20.1	
2	89	140.5	226.0	201.6	147.6	672.8	666.8	675.4	675.3	19.3	32.3	27.8	20.4	
2	90	141.1	218.3	199.4	145.6	662.4	654.8	665.8	661.6	19.7	31.7	27.9	20.5	
2	91	137.9	216.0	198.2	140.9	648.7	643.1	654.5	651.3	19.6	32.0	28.1	20.1	
2	92	139.3	214.2	193.7	140.1	642.1	637.9	648.1	644.2	20.0	31.9	27.8	20.2	
2	93	134.9	210.5	186.7	136.9	627.0	620.7	627.9	627.2	19.8	32.2	27.6	20.3	
2	94	132.1	209.1	185.5	136.5	621.3	614.7	620.6	623.0	19.6	32.3	27.7	20.3	
2	95	127.8	206.9	185.4	134.1	613.0	607.2	610.6	613.6	19.2	32.3	28.2	20.3	
2	96	124.9	201.6	184.4	131.4	599.7	594.7	599.6	602.2	19.1	32.0	28.5	20.3	
2	97	123.5	197.6	188.1	128.3	593.0	589.4	597.5	595.9	19.1	31.6	29.2	19.9	
2	98	122.3	192.0	186.6	126.2	582.1	579.7	588.5	582.4	19.2	31.3	29.3	20.0	
2	99	121.0	190.1	183.0	124.1	574.0	570.8	578.3	574.4	19.2	31.5	29.2	19.9	
2	100	122.6	184.7	180.7	121.8	565.7	562.7	569.2	567.3	19.8	30.9	29.3	19.8	
2	101	121.4	180.9	176.4	120.1	556.0	551.5	556.6	556.9	19.9	30.9	29.2	19.8	
2	102	120.3	178.7	169.6	120.0	547.3	542.6	546.0	543.5	20.0	31.0	28.5	20.3	
2	103	118.4	175.5	167.6	121.2	540.7	535.9	540.1	539.3	19.9	30.8	28.5	20.7	
2	104	114.5	174.3	166.1	118.9	531.9	526.0	531.9	531.1	19.5	31.2	28.7	20.5	
2	105	112.9	172.7	166.1	116.0	526.5	519.5	525.5	526.5	19.4	31.3	29.0	20.1	
2	106	110.4	170.0	166.2	112.7	516.0	511.5	518.3	517.7	19.3	31.2	29.4	19.9	
2	107	106.0	166.8	161.3	112.5	503.5	500.6	507.1	505.5	19.0	31.4	29.1	20.4	
2	108	113.8	175.2	180.8	116.2	523.5	527.9	536.3	521.9	19.0	30.8	30.0	19.9	
#Lane	Cycle	All A	All C	All G	All T	Call A	Call C	Call G	Call T	Base A	Base C	Base G	Base T
3	1	335.0	558.4	444.8	371.0	1671.4	1642.3	1681.1	1697.7	19.9	32.9	26.0	21.2	
3	2	271.6	504.1	384.9	365.0	1493.5	1478.8	1489.3	1533.4	18.0	33.2	25.4	23.4	
3	3	256.3	516.2	379.4	329.9	1453.7	1444.4	1435.9	1483.4	17.3	34.9	26.0	21.8	
3	4	242.4	495.0	375.7	328.5	1417.2	1405.9	1399.4	1443.0	16.8	34.4	26.4	22.4	
3	5	238.5	475.3	367.9	337.5	1402.2	1375.8	1374.6	1418.0	16.7	33.8	26.2	23.3	
3	6	243.6	461.6	371.2	321.2	1381.0	1355.3	1355.5	1388.7	17.3	33.2	26.8	22.7	
3	7	258.9	423.4	343.9	351.2	1353.2	1342.6	1336.5	1362.4	18.8	30.7	25.1	25.4	
3	8	261.8	434.5	336.6	331.6	1337.2	1330.7	1330.3	1342.8	19.2	31.9	24.6	24.3	
3	9	253.7	428.8	327.0	324.6	1303.5	1303.0	1296.6	1315.4	19.0	32.2	24.5	24.3	
3	10	259.5	420.7	334.8	303.2	1286.5	1285.4	1281.8	1301.8	19.7	32.0	25.4	22.9	
3	11	259.1	421.2	329.0	296.8	1274.5	1273.3	1267.6	1289.4	19.8	32.3	25.2	22.6	
3	12	255.6	412.8	324.1	289.6	1253.1	1247.6	1238.8	1266.8	19.9	32.3	25.4	22.5	
3	13	252.1	394.7	324.3	287.2	1226.7	1223.9	1216.8	1244.1	20.0	31.5	25.8	22.7	
3	14	243.9	398.9	315.7	281.0	1207.3	1205.8	1200.7	1222.3	19.7	32.3	25.4	22.6	
3	15	235.8	391.8	309.2	279.0	1181.7	1185.5	1174.6	1197.7	19.4	32.3	25.5	22.8	
3	16	230.8	392.2	300.0	275.9	1165.4	1169.8	1155.2	1179.7	19.2	32.8	25.1	22.9	
3	17	229.4	383.9	298.8	267.7	1149.2	1151.1	1135.2	1156.4	19.4	32.5	25.4	22.7	
3	18	225.5	378.4	299.5	257.4	1129.3	1135.1	1115.1	1134.9	19.4	32.5	25.9	22.2	
3	19	222.4	371.0	296.6	258.4	1117.0	1120.9	1100.5	1124.9	19.3	32.3	25.9	22.5	
3	20	221.0	365.5	288.3	252.4	1100.9	1099.7	1078.3	1101.8	19.4	32.4	25.7	22.4	
3	21	219.7	364.7	275.6	249.9	1079.2	1081.9	1059.7	1086.9	19.7	32.9	25.0	22.5	
3	22	218.6	356.5	269.7	245.9	1059.7	1062.0	1038.2	1068.5	20.0	32.6	24.9	22.5	
3	23	213.0	358.7	263.6	242.1	1045.5	1053.0	1024.1	1047.4	19.7	33.2	24.6	22.5	
3	24	212.5	355.6	256.5	238.1	1029.7	1035.3	1013.3	1030.7	19.9	33.4	24.2	22.5	
3	25	203.6	349.5	257.9	235.3	1008.9	1015.8	995.8	1022.2	19.4	33.4	24.7	22.4	
3	26	201.1	345.1	253.5	236.6	998.8	1005.3	985.0	1009.5	19.3	33.3	24.5	22.8	
3	27	198.9	339.6	253.0	227.5	984.9	986.4	970.0	990.0	19.4	33.4	24.9	22.4	
3	28	199.3	334.3	243.8	223.4	963.1	970.3	949.3	971.4	19.8	33.4	24.4	22.3	
3	29	198.7	326.8	244.3	215.4	948.5	953.9	932.0	953.5	20.1	33.1	24.9	21.9	
3	30	196.0	323.3	240.4	211.5	933.9	940.4	917.5	936.1	20.0	33.2	24.9	21.9	
3	31	190.1	319.1	237.6	211.5	915.6	925.5	904.4	921.4	19.7	33.3	24.9	22.2	
3	32	182.3	316.3	235.0	211.1	899.6	910.6	889.5	909.2	19.1	33.5	25.0	22.4	
3	33	177.2	316.5	228.4	207.6	885.1	894.8	874.2	892.9	18.9	34.1	24.6	22.3	
3	34	177.4	311.3	225.9	201.5	871.3	879.6	858.4	879.6	19.2	34.0	24.7	22.0	
3	35	172.3	306.1	224.9	203.1	858.9	868.0	848.6	871.6	18.9	33.9	24.9	22.3	
3	36	174.6	296.3	221.7	196.3	840.6	849.5	831.5	852.3	19.6	33.4	25.0	22.0	
3	37	172.5	289.8	219.5	195.6	829.6	837.1	822.1	837.4	19.5	33.2	25.0	22.3	
3	38	169.7	285.5	217.3	190.5	809.3	824.8	808.5	819.9	19.6	33.0	25.2	22.1	
3	39	161.6	282.0	211.1	192.1	792.6	809.9	789.6	806.3	19.0	33.2	25.1	22.7	
3	40	158.3	277.6	209.1	189.3	782.3	797.0	775.7	792.9	18.8	33.2	25.2	22.7	
3	41	158.7	274.0	205.3	184.3	767.7	786.2	763.1	779.0	19.3	33.1	25.1	22.4	
3	42	155.2	274.7	202.2	179.1	754.9	773.4	752.0	769.5	19.2	33.8	25.0	22.0	
3	43	152.6	272.8	204.6	172.2	748.7	761.8	742.8	757.6	18.9	34.0	25.6	21.4	
3	44	149.3	263.0	203.0	172.1	734.8	745.4	727.9	741.8	18.9	33.4	25.9	21.8	
3	45	141.2	259.2	200.5	169.6	711.7	731.4	711.5	722.0	18.4	33.5	26.1	22.1	
3	46	139.9	257.7	202.1	165.5	706.8	724.5	704.5	720.2	18.3	33.7	26.6	21.4	
3	47	139.7	252.7	199.0	161.1	695.5	712.3	691.4	703.6	18.5	33.5	26.6	21.3	
3	48	135.1	250.3	196.5	162.9	688.3	703.0	682.7	691.4	18.0	33.6	26.5	21.9	
3	49	133.2	247.7	192.0	163.4	678.8	694.2	674.6	682.0	18.1	33.6	26.1	22.2	
3	50	128.3	248.5	187.4	158.9	666.2	680.5	662.2	667.4	17.6	34.5	25.9	22.0	
3	51	128.3	250.7	180.8	154.2	656.1	672.4	653.2	655.7	17.9	35.2	25.3	21.7	
3	52	128.1	245.2	178.8	153.1	645.2	661.8	644.0	650.5	18.1	34.8	25.3	21.7	
3	53	124.1	236.1	174.3	152.6	628.5	643.2	626.4	631.7	18.0	34.5	25.3	22.2	
3	54	132.6	257.3	195.6	166.2	654.0	684.3	665.7	661.4	17.7	34.4	25.7	22.3	
3	55	244.7	450.0	322.0	275.0	1247.0	1237.7	1268.2	1262.9	19.2	35.1	24.7	20.9	
3	56	226.7	428.3	292.7	274.2	1171.6	1180.6	1173.3	1169.2	19.0	34.8	23.6	22.6	
3	57	197.7	451.6	302.4	244.3	1148.7	1146.1	1143.4	1141.7	16.5	38.0	25.1	20.4	
3	58	177.6	442.1	304.0	245.1	1117.9	1115.9	1113.9	1120.7	15.1	38.1	26.0	20.9	
3	59	187.8	383.7	297.4	265.0	1080.8	1072.0	1078.1	1089.8	16.4	34.2	26.2	23.2	
3	60	191.1	384.7	294.3	242.0	1064.0	1049.7	1059.6	1068.3	16.9	35.2	26.4	21.4	
3	61	203.1	341.4	266.8	276.9	1035.1	1024.0	1031.1	1047.4	18.5	31.8	24.4	25.2	
3	62	210.7	344.8	259.3	262.0	1024.1	1011.5	1019.5	1034.3	19.4	32.5	24.0	24.1	
3	63	202.4	341.8	256.0	250.6	997.0	988.3	988.7	1010.3	19.1	33.0	24.3	23.5	
3	64	206.0	336.1	263.7	229.7	986.1	967.7	979.9	992.2	19.6	33.2	25.3	21.8	
3	65	198.2	330.7	266.7	221.1	963.8	951.3	959.8	974.3	19.2	33.2	26.1	21.4	
3	66	198.0	328.0	256.6	215.2	953.8	928.6	943.0	952.3	19.4	33.8	25.5	21.3	
3	67	191.8	313.3	264.2	218.0	938.8	916.0	930.0	943.4	19.0	32.5	26.7	21.7	
3	68	187.4	312.1	257.8	209.8	920.2	893.9	913.8	920.9	18.9	33.2	26.4	21.4	
3	69	186.7	296.7	254.6	214.8	907.6	878.7	898.6	903.6	19.1	32.0	26.4	22.3	
3	70	179.8	298.7	253.1	207.7	891.6	869.0	884.3	888.3	18.7	32.6	26.7	21.9	
3	71	179.1	288.8	251.4	200.5	876.3	846.7	869.0	868.0	18.9	32.5	26.9	21.6	
3	72	178.2	288.5	250.7	192.3	863.6	837.8	857.1	855.0	19.0	32.7	27.2	21.0	
3	73	174.3	284.1	246.0	186.2	843.1	820.7	843.0	832.8	19.1	32.9	27.1	20.8	
3	74	175.3	270.9	243.7	186.2	829.4	804.2	829.1	818.3	19.5	32.0	27.2	21.2	
3	75	173.4	265.3	242.9	181.5	814.6	786.4	816.3	808.0	19.6	31.9	27.6	20.9	
3	76	167.6	264.1	238.0	178.2	798.5	774.9	801.3	791.1	19.2	32.3	27.5	20.9	
3	77	173.0	259.3	235.5	175.4	793.2	765.9	794.5	789.7	20.0	32.0	27.4	20.6	
3	78	167.6	257.5	232.2	173.0	781.2	753.8	780.0	777.8	19.6	32.3	27.4	20.6	
3	79	166.8	256.5	228.3	167.4	768.5	744.0	768.0	767.9	19.8	32.5	27.4	20.1	
3	80	165.6	247.0	225.5	169.0	756.4	731.2	754.6	757.1	20.0	31.8	27.5	20.6	
3	81	162.1	243.0	221.4	165.4	737.0	717.3	740.8	740.8	20.1	31.9	27.4	20.5	
3	82	162.8	237.6	215.3	165.4	727.6	708.7	726.4	732.8	20.3	31.6	27.2	20.8	
3	83	163.0	235.1	211.6	159.1	719.0	694.8	716.3	715.8	20.6	31.8	27.0	20.4	
3	84	158.2	228.4	209.4	158.5	706.2	680.7	700.7	704.1	20.3	31.5	27.4	20.7	
3	85	155.1	224.8	209.3	158.7	697.7	674.7	694.4	696.5	20.1	31.3	27.7	20.9	
3	86	147.1	226.9	210.1	152.5	685.6	666.7	682.3	682.9	19.2	32.0	28.3	20.4	
3	87	146.9	222.7	209.1	147.1	674.0	657.4	673.2	669.1	19.5	31.8	28.5	20.0	
3	88	143.9	220.9	210.1	143.3	668.8	650.5	663.6	663.0	19.3	31.9	29.1	19.5	
3	89	145.3	212.4	203.8	144.4	659.1	638.5	651.5	650.7	19.9	31.2	28.7	20.2	
3	90	142.9	204.3	203.5	145.2	649.2	627.9	641.1	644.5	19.8	30.5	29.1	20.4	
3	91	139.7	204.0	201.2	140.6	638.0	617.6	629.7	633.4	19.7	31.0	29.2	20.1	
3	92	138.1	199.1	199.3	138.9	625.3	610.0	620.4	623.3	19.9	30.5	29.3	20.2	
3	93	132.8	197.1	199.0	134.3	614.7	600.3	607.1	607.0	19.4	30.7	29.9	20.0	
3	94	132.5	192.3	197.1	133.1	607.6	593.1	598.6	599.6	19.5	30.3	30.1	20.0	
3	95	129.5	187.1	193.6	131.7	596.6	579.3	585.3	588.1	19.4	30.1	30.2	20.2	
3	96	128.2	185.0	195.5	126.4	587.7	571.0	580.5	583.5	19.5	30.2	30.7	19.5	
3	97	123.6	183.5	193.9	125.5	573.8	565.9	570.9	574.2	19.2	30.1	30.8	19.7	
3	98	122.1	178.2	191.1	125.6	563.0	554.1	561.3	565.6	19.2	29.9	30.9	20.0	
3	99	122.4	174.5	191.7	120.8	555.2	548.5	555.4	558.4	19.6	29.5	31.3	19.4	
3	100	124.2	168.6	189.7	117.4	546.8	540.0	546.2	545.1	20.1	28.9	31.5	19.3	
3	101	122.1	165.4	186.9	115.7	537.4	529.5	536.6	539.2	20.1	29.0	31.5	19.2	
3	102	121.1	163.8	180.5	117.4	528.8	523.9	528.3	529.3	20.3	29.0	30.7	19.9	
3	103	120.6	162.1	179.6	116.0	526.1	517.3	525.1	524.8	20.3	29.1	30.8	19.7	
3	104	117.0	161.1	177.9	113.2	517.0	508.1	515.7	516.2	19.9	29.5	31.0	19.5	
3	105	113.8	159.8	176.1	113.9	510.7	502.0	511.2	511.4	19.6	29.5	30.9	19.9	
3	106	111.6	155.6	175.7	110.5	501.0	493.0	501.4	500.6	19.5	29.2	31.5	19.6	
3	107	110.0	151.3	170.5	109.4	489.8	481.9	490.5	489.6	19.7	29.1	31.2	19.9	
3	108	116.6	160.8	188.2	115.8	512.9	512.0	519.1	511.9	19.4	28.9	31.9	19.7	
#Lane	Cycle	All A	All C	All G	All T	Call A	Call C	Call G	Call T	Base A	Base C	Base G	Base T
4	1	590.7	513.9	461.7	588.3	2141.0	2131.9	2139.7	2144.5	27.7	23.2	21.9	27.2	
4	2	626.2	420.7	475.0	550.4	2056.9	2053.4	2060.5	2039.6	30.5	19.8	23.0	26.8	
4	3	565.4	452.8	447.3	559.4	2012.5	2007.7	2013.5	1990.2	28.1	21.8	22.2	27.8	
4	4	532.4	474.8	485.0	502.6	1983.1	1979.1	1987.9	1951.7	26.9	23.3	24.3	25.5	
4	5	563.0	403.6	451.8	548.8	1952.6	1945.3	1957.2	1927.4	28.9	20.0	22.9	28.2	
4	6	538.0	462.6	447.3	497.3	1930.5	1923.4	1933.9	1905.1	27.9	23.3	22.9	25.9	
4	7	523.0	434.6	433.3	537.1	1912.2	1906.0	1916.9	1890.2	27.4	22.1	22.4	28.1	
4	8	515.1	438.2	438.4	520.5	1896.6	1888.8	1899.5	1871.6	27.2	22.4	22.9	27.5	
4	9	495.8	432.6	431.5	515.6	1860.4	1851.6	1855.6	1836.7	26.6	22.6	23.0	27.8	
4	10	525.2	447.0	418.6	481.5	1854.6	1847.8	1854.2	1832.8	28.3	23.4	22.3	26.0	
4	11	497.1	424.8	437.9	481.2	1823.1	1817.0	1820.0	1802.2	27.2	22.6	23.8	26.4	
4	12	484.3	429.7	426.6	485.2	1805.5	1799.4	1807.8	1786.8	26.8	23.1	23.3	26.8	
4	13	498.1	425.5	401.2	480.5	1785.7	1779.2	1788.0	1766.4	27.8	23.2	22.2	26.9	
4	14	498.2	407.1	391.2	486.8	1762.3	1755.8	1764.4	1747.3	28.2	22.5	21.9	27.5	
4	15	477.4	423.0	385.8	479.3	1744.8	1738.8	1746.9	1728.7	27.2	23.6	21.8	27.4	
4	16	481.9	400.9	394.4	471.4	1728.8	1721.6	1729.9	1712.8	27.8	22.6	22.5	27.1	
4	17	469.0	400.0	388.7	465.8	1702.4	1697.5	1702.5	1687.4	27.4	22.8	22.5	27.2	
4	18	470.2	400.2	377.7	464.4	1703.3	1686.9	1692.2	1676.2	27.5	23.2	22.0	27.3	
4	19	464.5	386.0	381.2	457.7	1668.0	1662.5	1669.4	1653.9	27.7	22.5	22.5	27.3	
4	20	453.3	394.7	367.2	451.7	1644.3	1640.3	1646.4	1632.2	27.4	23.4	22.0	27.2	
4	21	450.0	386.6	363.7	447.2	1626.4	1620.8	1627.6	1613.7	27.5	23.2	22.0	27.3	
4	22	441.2	369.6	364.3	447.7	1600.8	1598.2	1598.1	1592.4	27.4	22.5	22.4	27.7	
4	23	436.8	371.8	355.9	443.6	1585.1	1579.4	1588.4	1578.5	27.4	22.9	22.0	27.7	
4	24	435.1	360.3	357.1	432.7	1564.9	1560.5	1558.9	1555.4	27.7	22.4	22.5	27.4	
4	25	428.6	373.0	347.8	424.3	1552.6	1546.0	1553.0	1543.4	27.4	23.5	22.0	27.0	
4	26	430.9	351.6	345.8	432.4	1534.9	1533.7	1540.7	1532.2	27.9	22.3	22.1	27.8	
4	27	417.5	348.3	348.7	422.2	1517.0	1509.9	1518.1	1501.5	27.3	22.4	22.6	27.6	
4	28	413.6	360.9	337.7	410.5	1503.2	1491.7	1503.1	1495.4	27.3	23.5	22.1	27.0	
4	29	413.7	342.4	342.9	407.0	1480.1	1480.0	1486.6	1478.9	27.8	22.5	22.7	27.0	
4	30	400.2	344.5	337.3	402.8	1464.9	1452.1	1465.5	1458.3	27.1	23.1	22.7	27.2	
4	31	399.1	343.6	322.1	409.8	1453.7	1443.5	1452.5	1446.5	27.2	23.2	21.8	27.8	
4	32	398.5	328.2	322.0	409.9	1436.8	1430.7	1435.2	1428.3	27.5	22.3	22.0	28.2	
4	33	396.6	322.9	323.5	393.8	1416.5	1408.8	1407.5	1409.8	27.7	22.3	22.6	27.4	
4	34	389.2	323.6	314.9	402.4	1409.1	1402.6	1407.3	1399.0	27.4	22.4	22.0	28.2	
4	35	398.7	314.6	311.3	387.8	1386.3	1385.2	1389.4	1386.9	28.5	22.1	22.0	27.4	
4	36	382.0	313.3	314.8	382.5	1366.0	1364.4	1370.1	1366.1	27.7	22.3	22.5	27.5	
4	37	374.6	312.0	311.3	384.0	1359.5	1353.3	1358.5	1352.3	27.3	22.4	22.5	27.8	
4	38	371.6	301.8	303.9	381.7	1338.0	1333.2	1328.9	1333.3	27.5	22.0	22.5	28.1	
4	39	362.3	315.1	295.2	369.1	1319.3	1312.1	1318.1	1316.6	27.2	23.4	22.0	27.5	
4	40	362.7	306.5	295.2	364.0	1305.2	1304.5	1297.0	1303.8	27.5	22.9	22.3	27.3	
4	41	365.1	293.9	287.5	364.7	1289.6	1285.3	1288.2	1280.7	28.0	22.3	21.9	27.9	
4	42	355.6	299.5	285.0	361.0	1274.2	1274.2	1276.7	1276.0	27.6	22.9	21.9	27.7	
4	43	350.1	296.2	287.8	355.9	1266.5	1257.4	1267.2	1265.3	27.3	22.9	22.2	27.5	
4	44	346.5	287.5	277.1	353.9	1241.8	1234.4	1241.4	1239.8	27.5	22.7	21.8	27.9	
4	45	337.6	288.3	277.2	355.0	1234.1	1230.2	1233.5	1229.7	27.0	22.8	22.0	28.2	
4	46	337.6	279.3	277.3	348.8	1218.4	1214.8	1213.0	1219.1	27.3	22.3	22.4	28.0	
4	47	339.2	272.3	270.3	344.4	1198.2	1197.0	1201.5	1202.2	27.9	22.1	22.0	28.0	
4	48	336.2	276.8	268.5	336.1	1193.7	1183.7	1193.6	1192.6	27.8	22.8	21.9	27.5	
4	49	329.2	275.7	263.2	333.7	1176.2	1170.7	1177.1	1178.3	27.6	22.9	21.8	27.7	
4	50	329.3	268.8	260.8	327.1	1158.0	1156.1	1161.7	1161.3	28.0	22.6	21.9	27.5	
4	51	317.4	274.0	260.0	324.9	1150.5	1145.5	1151.2	1151.4	27.2	23.3	22.0	27.5	
4	52	318.5	259.5	261.0	319.0	1130.2	1128.3	1134.0	1132.8	27.8	22.3	22.5	27.4	
4	53	315.0	256.7	252.6	313.3	1113.5	1106.6	1113.8	1113.0	27.9	22.6	22.1	27.4	
4	54	334.7	273.9	279.7	341.2	1156.0	1153.8	1168.9	1161.7	27.6	22.6	22.1	27.6	
4	55	442.1	393.8	291.6	460.4	1575.3	1562.1	1575.0	1573.6	28.1	24.5	18.4	28.9	
4	56	492.6	318.0	339.0	398.8	1535.9	1525.2	1535.6	1523.0	32.0	20.3	21.9	25.9	
4	57	436.3	347.1	322.1	409.4	1504.4	1492.3	1501.8	1485.9	28.9	22.7	21.2	27.2	
4	58	386.8	376.9	365.8	374.3	1495.2	1483.2	1493.4	1469.4	25.8	24.8	24.3	25.1	
4	59	419.5	305.8	343.1	412.2	1471.6	1459.0	1468.8	1450.7	28.4	20.3	23.2	28.0	
4	60	404.5	356.3	339.4	366.0	1456.6	1444.2	1454.4	1435.5	27.7	24.0	23.1	25.1	
4	61	387.9	332.3	330.2	404.5	1444.8	1432.8	1443.3	1426.0	26.8	22.5	22.7	28.0	
4	62	388.8	329.1	333.8	386.6	1428.9	1416.3	1425.7	1407.4	27.1	22.6	23.2	27.1	
4	63	374.8	328.5	330.1	387.5	1411.0	1397.9	1406.2	1391.2	26.5	22.8	23.2	27.4	
4	64	392.9	336.7	318.2	362.6	1399.3	1388.5	1395.9	1380.4	28.0	23.6	22.5	25.9	
4	65	376.2	319.7	334.4	360.0	1378.5	1366.7	1374.4	1360.0	27.2	22.7	24.0	26.0	
4	66	366.7	324.6	324.6	365.3	1368.5	1357.9	1366.5	1351.5	26.7	23.2	23.4	26.6	
4	67	376.4	321.2	304.1	366.7	1357.1	1344.1	1354.4	1338.8	27.6	23.3	22.1	26.9	
4	68	380.1	306.7	299.5	366.8	1340.4	1328.6	1337.5	1325.2	28.2	22.4	22.1	27.2	
4	69	366.2	321.3	292.2	362.8	1330.0	1318.2	1328.0	1314.6	27.4	23.7	21.7	27.1	
4	70	364.3	305.4	297.1	361.0	1316.3	1304.1	1312.3	1300.4	27.5	22.8	22.3	27.3	
4	71	359.7	305.0	295.1	354.7	1302.0	1291.8	1297.7	1287.3	27.4	23.0	22.4	27.1	
4	72	359.9	304.5	287.6	353.6	1300.4	1283.3	1290.1	1278.9	27.5	23.3	22.0	27.2	
4	73	350.9	295.5	287.9	351.2	1273.3	1262.8	1268.6	1259.3	27.4	22.8	22.4	27.4	
4	74	348.3	301.2	280.5	345.1	1261.9	1253.2	1259.3	1249.2	27.4	23.4	21.9	27.1	
4	75	344.2	293.8	278.1	340.8	1244.3	1234.1	1241.3	1230.4	27.5	23.2	22.0	27.2	
4	76	336.0	286.1	277.0	344.5	1230.6	1222.2	1223.4	1220.5	27.1	22.8	22.3	27.7	
4	77	336.3	287.0	274.3	340.1	1222.6	1214.5	1221.9	1215.5	27.3	23.0	22.1	27.5	
4	78	335.3	276.9	273.9	333.5	1207.0	1199.0	1198.3	1197.6	27.6	22.5	22.5	27.3	
4	79	328.6	287.2	266.7	328.7	1197.3	1189.6	1194.4	1187.8	27.2	23.5	22.0	27.1	
4	80	331.0	267.8	265.8	331.3	1179.3	1176.0	1180.0	1174.6	27.9	22.2	22.2	27.7	
4	81	322.4	266.9	268.7	326.5	1171.4	1164.3	1169.4	1158.3	27.3	22.3	22.6	27.6	
4	82	317.2	275.9	259.4	320.0	1160.3	1149.1	1157.4	1151.7	27.1	23.4	22.1	27.2	
4	83	319.3	261.4	264.7	315.9	1144.4	1141.8	1146.2	1140.1	27.7	22.3	22.7	27.2	
4	84	310.4	263.7	260.1	313.5	1134.6	1123.3	1133.3	1127.6	27.1	22.9	22.6	27.3	
4	85	308.5	264.9	246.2	321.3	1128.7	1119.3	1125.5	1121.2	27.1	23.1	21.5	28.1	
4	86	307.4	253.0	247.6	317.5	1112.0	1105.8	1109.5	1104.0	27.4	22.3	22.0	28.2	
4	87	308.1	250.7	251.0	307.4	1104.2	1096.8	1097.1	1095.8	27.6	22.3	22.5	27.5	
4	88	300.4	251.2	241.8	315.7	1095.8	1089.1	1092.7	1084.6	27.1	22.5	21.7	28.5	
4	89	311.5	244.5	240.8	301.1	1081.2	1077.6	1081.8	1077.5	28.5	22.1	21.9	27.4	
4	90	301.1	243.8	244.3	299.3	1071.6	1067.2	1072.8	1067.9	27.8	22.3	22.4	27.5	
4	91	290.6	243.3	241.0	301.8	1062.9	1055.2	1060.8	1054.1	27.0	22.5	22.3	28.1	
4	92	292.3	233.9	237.5	299.9	1049.7	1044.0	1041.6	1044.2	27.5	21.8	22.4	28.1	
4	93	286.5	246.0	230.1	290.2	1039.0	1030.4	1035.3	1032.8	27.3	23.3	21.8	27.5	
4	94	286.2	237.2	229.5	285.6	1024.4	1019.8	1015.9	1018.8	27.6	22.7	22.2	27.4	
4	95	288.4	228.5	224.8	285.5	1014.2	1007.2	1010.6	1002.9	28.1	22.1	21.8	27.9	
4	96	283.3	233.1	223.3	282.3	1005.4	1002.2	1005.2	1001.8	27.8	22.7	21.8	27.6	
4	97	273.7	230.3	222.4	278.8	990.8	982.0	989.0	985.2	27.3	22.9	22.0	27.7	
4	98	272.9	225.3	218.8	276.9	979.2	971.8	977.3	973.7	27.5	22.6	21.9	27.8	
4	99	265.0	224.7	217.6	278.0	970.2	966.0	968.9	963.3	27.0	22.7	22.0	28.2	
4	100	262.8	217.8	216.6	274.6	956.8	951.6	951.6	952.5	27.1	22.3	22.3	28.2	
4	101	267.1	213.1	211.7	270.0	943.7	941.7	945.3	943.2	27.9	22.1	21.9	28.0	
4	102	264.6	217.0	209.1	263.1	938.7	931.4	937.5	934.4	27.8	22.8	21.8	27.5	
4	103	259.1	214.9	205.2	264.2	927.8	920.1	926.8	925.2	27.5	22.8	21.6	27.9	
4	104	262.0	211.8	205.3	258.3	920.2	916.0	920.2	918.1	28.1	22.6	21.8	27.5	
4	105	252.2	214.6	205.1	255.4	911.2	904.7	909.8	908.3	27.3	23.2	22.0	27.5	
4	106	252.6	204.6	205.2	253.0	898.1	893.2	899.0	896.1	27.7	22.4	22.3	27.6	
4	107	251.0	203.2	200.5	247.7	886.9	880.4	885.9	883.8	27.9	22.5	22.1	27.4	
4	108	266.1	212.3	217.6	265.8	916.9	908.2	919.3	914.0	27.8	22.5	22.0	27.6	
#Lane	Cycle	All A	All C	All G	All T	Call A	Call C	Call G	Call T	Base A	Base C	Base G	Base T
5	1	307.4	565.2	434.4	348.8	1645.0	1605.2	1637.5	1660.4	18.8	34.3	26.3	20.6	
5	2	251.4	545.5	374.2	346.0	1498.1	1475.6	1504.5	1526.6	16.7	36.2	24.7	22.4	
5	3	232.0	563.7	356.5	318.3	1462.7	1432.8	1450.8	1472.9	15.6	38.6	24.4	21.4	
5	4	232.2	529.6	360.6	321.0	1433.9	1409.0	1424.8	1444.2	16.0	36.8	25.1	22.0	
5	5	239.7	497.7	340.1	336.8	1398.1	1376.7	1396.2	1414.4	17.0	35.5	24.0	23.6	
5	6	246.1	477.5	342.5	330.7	1378.6	1360.2	1383.0	1391.2	17.7	34.4	24.4	23.5	
5	7	256.8	424.5	335.0	365.5	1361.8	1346.9	1362.6	1375.7	18.7	30.8	24.2	26.3	
5	8	251.0	434.4	325.6	348.3	1337.2	1329.4	1343.3	1343.8	18.5	32.0	23.8	25.6	
5	9	253.5	423.5	322.6	340.8	1319.5	1311.2	1318.6	1325.0	18.9	31.7	24.0	25.4	
5	10	246.1	429.0	333.1	317.8	1304.7	1297.8	1299.6	1313.2	18.6	32.4	25.1	23.9	
5	11	237.5	420.4	326.9	315.1	1276.7	1272.9	1271.7	1288.0	18.3	32.4	25.1	24.2	
5	12	234.9	420.7	325.2	306.1	1263.6	1260.2	1259.6	1273.3	18.3	32.7	25.2	23.7	
5	13	235.7	410.9	319.9	299.6	1244.1	1239.7	1235.3	1251.8	18.6	32.5	25.3	23.6	
5	14	225.8	411.1	309.1	300.4	1224.9	1218.5	1213.6	1235.2	18.1	33.1	24.8	24.0	
5	15	222.4	407.9	303.5	302.9	1214.3	1211.9	1205.1	1219.8	18.0	33.0	24.5	24.5	
5	16	213.8	409.6	300.2	291.2	1188.9	1187.9	1184.1	1198.2	17.6	33.8	24.6	23.9	
5	17	211.5	405.6	301.3	277.3	1171.1	1170.4	1167.1	1175.9	17.7	34.0	25.1	23.2	
5	18	215.2	398.2	294.0	273.3	1154.3	1155.0	1150.0	1162.2	18.2	33.8	24.8	23.2	
5	19	215.0	388.9	287.1	264.4	1132.1	1129.4	1118.7	1140.2	18.6	33.7	24.9	22.8	
5	20	212.8	387.8	282.4	264.9	1126.2	1124.4	1112.7	1125.7	18.4	33.8	24.6	23.2	
5	21	217.0	375.7	280.2	253.2	1101.7	1101.6	1090.6	1104.3	19.2	33.4	24.9	22.5	
5	22	215.9	373.5	277.2	242.1	1084.3	1085.0	1070.3	1084.3	19.4	33.7	25.0	21.9	
5	23	206.9	379.4	270.8	237.8	1068.3	1072.3	1055.2	1069.2	18.8	34.6	24.8	21.8	
5	24	203.1	374.6	263.0	232.8	1046.3	1050.2	1035.5	1044.6	18.9	34.9	24.5	21.8	
5	25	192.1	370.5	264.4	236.3	1035.2	1038.0	1022.8	1040.4	18.0	34.9	24.9	22.2	
5	26	190.2	361.8	258.1	238.4	1017.6	1022.1	1007.8	1024.1	18.1	34.6	24.6	22.8	
5	27	190.5	360.0	252.0	232.1	1004.1	1008.1	989.5	1010.6	18.3	34.8	24.5	22.4	
5	28	193.8	341.4	251.2	232.3	988.5	990.9	975.8	991.4	18.9	33.5	24.7	22.8	
5	29	187.8	340.5	249.5	219.2	963.9	970.1	952.6	967.3	18.7	34.1	25.1	22.0	
5	30	182.4	341.3	249.4	216.8	955.3	963.0	944.9	955.3	18.3	34.4	25.2	22.0	
5	31	178.8	340.5	242.5	217.8	940.1	945.3	935.4	946.6	18.1	34.9	24.7	22.3	
5	32	171.6	338.9	240.6	210.9	921.8	926.2	914.1	930.3	17.6	35.4	25.0	21.9	
5	33	165.8	340.3	230.1	215.5	911.9	915.9	900.7	918.2	17.2	36.0	24.2	22.7	
5	34	164.5	329.7	230.9	212.5	898.7	902.4	882.8	903.6	17.3	35.3	24.7	22.6	
5	35	166.3	320.0	223.2	209.9	879.2	885.6	865.0	878.9	17.9	34.8	24.3	22.9	
5	36	171.5	317.4	216.4	207.5	866.1	875.3	861.4	870.6	18.7	34.9	23.6	22.9	
5	37	168.8	313.6	213.3	204.4	857.9	862.5	850.7	855.0	18.5	35.0	23.5	22.9	
5	38	169.5	306.9	209.5	197.0	832.2	843.1	832.9	841.8	19.1	34.9	23.6	22.3	
5	39	162.7	308.7	205.2	196.3	819.5	834.7	823.4	830.2	18.6	35.5	23.3	22.6	
5	40	158.9	306.2	203.0	190.2	805.7	820.2	806.0	816.3	18.4	35.8	23.6	22.2	
5	41	157.4	300.5	201.6	187.8	793.7	811.1	790.6	803.2	18.5	35.4	23.9	22.2	
5	42	153.0	301.4	198.3	186.2	788.6	800.8	779.3	792.9	18.1	35.9	23.7	22.3	
5	43	151.6	299.5	192.9	181.3	769.1	784.3	766.7	782.2	18.3	36.4	23.4	21.9	
5	44	152.9	291.0	191.5	176.1	754.0	769.3	754.0	764.5	18.9	36.0	23.5	21.7	
5	45	148.4	287.1	197.0	173.2	749.6	763.6	745.6	756.9	18.3	35.7	24.4	21.5	
5	46	144.9	276.7	200.7	168.1	735.6	747.1	731.6	742.5	18.3	35.2	25.4	21.1	
5	47	141.5	268.4	200.3	167.4	722.6	733.4	717.7	728.1	18.1	34.7	25.7	21.4	
5	48	135.7	268.0	195.8	170.4	714.8	727.2	707.0	712.0	17.5	34.8	25.5	22.2	
5	49	131.3	261.1	191.1	172.9	701.9	712.4	695.8	698.5	17.1	34.6	25.2	23.0	
5	50	126.8	264.2	188.4	170.4	693.2	704.5	686.5	692.3	16.7	35.4	25.1	22.7	
5	51	126.6	260.8	185.3	166.3	680.5	694.9	673.1	681.0	17.0	35.3	25.3	22.5	
5	52	129.0	256.7	182.3	157.6	667.2	677.8	659.0	671.0	17.6	35.7	25.3	21.4	
5	53	127.1	250.1	177.1	156.3	650.9	664.6	646.9	654.0	17.8	35.3	25.0	21.9	
5	54	134.5	273.5	197.8	168.3	674.6	702.6	684.9	684.8	17.2	35.7	25.4	21.7	
5	55	223.6	442.7	312.0	268.9	1221.0	1208.1	1233.9	1234.2	18.2	35.6	24.9	21.2	
5	56	195.2	457.4	267.7	263.6	1155.0	1151.2	1152.3	1146.8	16.7	38.5	22.3	22.4	
5	57	176.2	488.5	257.1	243.6	1131.0	1133.0	1129.5	1122.9	15.2	41.9	21.9	21.0	
5	58	169.8	464.7	263.1	249.2	1110.0	1112.4	1109.4	1105.9	14.8	40.5	22.8	21.8	
5	59	184.5	414.1	254.2	261.6	1074.7	1076.2	1072.2	1078.5	16.6	37.2	22.8	23.4	
5	60	189.3	403.9	253.3	252.4	1060.6	1059.7	1057.4	1062.4	17.2	36.9	23.0	22.9	
5	61	199.6	354.0	244.7	280.7	1038.8	1035.4	1035.0	1046.8	18.5	32.9	22.7	25.9	
5	62	196.0	352.3	237.2	274.7	1022.3	1012.8	1015.6	1027.3	18.4	33.5	22.3	25.7	
5	63	196.9	342.5	239.6	266.5	1005.2	997.5	1001.2	1010.1	18.8	33.1	22.8	25.3	
5	64	189.3	349.0	245.7	243.7	985.1	979.8	986.8	991.6	18.3	34.4	23.7	23.5	
5	65	186.9	338.0	246.5	242.1	967.5	963.9	971.6	979.9	18.4	33.7	24.1	23.6	
5	66	189.7	339.8	239.8	232.4	958.1	952.3	961.0	964.6	18.9	34.4	23.7	23.0	
5	67	194.6	330.9	235.2	223.9	942.2	935.2	942.7	945.2	19.6	34.1	23.6	22.6	
5	68	187.1	331.9	229.6	222.1	928.8	921.6	928.7	930.8	19.1	34.7	23.4	22.8	
5	69	182.0	326.4	228.2	221.0	918.1	909.3	913.9	914.0	18.8	34.5	23.6	23.1	
5	70	177.0	329.0	226.6	210.5	903.8	894.3	898.1	899.9	18.5	35.4	23.7	22.2	
5	71	176.3	319.1	232.1	202.7	894.6	877.4	888.6	889.3	18.6	35.1	24.6	21.6	
5	72	173.9	313.4	232.0	195.0	874.9	863.6	873.6	870.7	18.7	34.9	25.0	21.3	
5	73	176.9	307.9	227.0	191.3	865.2	851.0	862.5	858.8	19.3	34.8	24.7	21.1	
5	74	174.9	296.0	226.0	192.8	851.5	837.2	847.7	847.3	19.3	33.9	25.1	21.6	
5	75	176.5	284.0	225.7	186.4	833.0	819.2	833.6	829.3	20.0	33.2	25.4	21.3	
5	76	169.6	283.0	230.5	180.2	822.2	809.3	825.4	821.2	19.4	33.6	26.2	20.8	
5	77	162.6	281.5	230.5	175.9	808.2	797.8	814.0	808.1	18.9	33.9	26.6	20.6	
5	78	160.6	277.4	225.5	175.5	798.1	785.3	802.8	793.7	18.9	33.9	26.2	20.9	
5	79	156.0	266.9	225.2	177.3	784.4	771.0	791.3	780.2	18.6	33.2	26.6	21.5	
5	80	157.1	266.9	218.3	171.9	774.6	760.5	780.0	769.2	19.0	33.7	26.1	21.1	
5	81	155.3	270.5	209.9	171.0	765.8	755.2	767.6	762.4	18.9	34.3	25.4	21.2	
5	82	158.9	256.5	210.3	166.3	751.8	739.2	753.5	750.6	19.8	33.2	26.0	20.9	
5	83	156.3	254.9	210.1	161.7	747.1	726.1	744.3	739.8	19.5	33.6	26.3	20.5	
5	84	153.1	253.2	206.7	159.3	734.8	717.4	733.7	727.0	19.4	33.7	26.2	20.6	
5	85	152.7	250.8	200.1	156.4	717.8	705.7	721.9	715.5	19.8	33.8	25.7	20.5	
5	86	149.3	251.2	196.7	151.6	709.2	695.6	710.3	704.8	19.5	34.5	25.7	20.2	
5	87	145.3	252.9	197.9	148.0	702.6	693.9	702.2	698.0	19.1	34.8	26.2	19.8	
5	88	142.9	245.4	195.7	147.0	690.1	677.4	684.7	690.1	19.1	34.5	26.4	19.8	
5	89	142.9	237.0	198.5	144.4	683.0	670.5	676.3	679.0	19.3	33.6	27.1	19.8	
5	90	144.6	228.0	193.3	144.8	670.5	658.7	665.2	661.1	19.9	32.8	26.8	20.4	
5	91	139.6	227.6	192.2	141.8	656.1	648.5	659.1	654.5	19.6	33.3	26.8	20.1	
5	92	142.2	223.9	185.9	142.4	646.2	640.3	653.0	649.0	20.2	33.2	26.1	20.3	
5	93	137.0	224.5	182.1	140.8	636.9	632.5	641.0	640.8	19.7	33.7	26.1	20.4	
5	94	134.5	220.8	183.1	135.1	630.4	621.8	629.0	629.3	19.5	33.7	26.8	19.8	
5	95	131.6	217.8	182.7	132.9	623.0	615.3	620.0	621.4	19.4	33.6	27.2	19.8	
5	96	129.1	211.4	185.1	130.8	613.6	604.6	609.4	613.5	19.2	32.9	27.9	19.7	
5	97	123.8	206.1	188.5	126.0	596.8	594.6	598.9	600.6	18.9	32.5	29.1	19.4	
5	98	122.8	203.0	186.3	123.5	590.0	586.4	590.1	585.7	18.9	32.5	29.0	19.4	
5	99	120.5	199.0	183.8	122.9	580.1	578.6	580.5	577.8	18.8	32.3	29.1	19.6	
5	100	124.8	190.2	183.0	119.4	573.3	567.0	574.0	570.0	19.8	31.5	29.3	19.2	
5	101	125.3	186.9	177.1	119.4	565.6	557.9	561.7	563.1	20.2	31.4	28.8	19.5	
5	102	121.3	185.3	169.5	124.5	557.0	549.8	554.3	549.4	19.8	31.5	27.7	20.8	
5	103	117.5	181.2	164.3	127.8	548.7	538.6	546.8	542.8	19.4	31.5	27.3	21.7	
5	104	114.4	184.2	163.8	124.1	540.6	533.5	542.9	539.3	19.1	32.4	27.4	20.9	
5	105	110.5	180.4	168.5	117.8	533.1	523.8	532.4	531.1	18.6	32.3	28.9	20.1	
5	106	109.0	178.7	169.8	113.3	525.7	515.6	527.9	524.5	18.6	32.5	29.2	19.5	
5	107	105.2	174.9	161.1	116.4	512.5	507.7	515.0	509.2	18.4	32.2	28.4	20.9	
5	108	114.9	181.2	184.3	118.8	535.8	535.0	546.3	528.7	18.7	31.4	29.8	19.9	
#Lane	Cycle	All A	All C	All G	All T	Call A	Call C	Call G	Call T	Base A	Base C	Base G	Base T
6	1	281.3	581.7	465.5	312.2	1642.3	1632.4	1643.0	1642.4	17.4	35.2	28.5	19.0	
6	2	245.8	573.9	408.6	328.5	1558.3	1539.9	1555.9	1555.0	15.8	36.8	26.2	21.1	
6	3	233.2	586.5	397.3	305.8	1527.3	1507.1	1520.3	1506.8	15.2	38.4	26.1	20.2	
6	4	228.4	557.4	409.1	302.9	1502.5	1484.7	1497.4	1481.0	15.2	37.1	27.3	20.3	
6	5	242.2	517.3	397.6	315.8	1471.5	1458.0	1472.1	1460.8	16.5	35.0	26.9	21.5	
6	6	249.7	494.4	398.5	313.3	1453.6	1441.1	1454.8	1444.8	17.2	33.9	27.3	21.6	
6	7	265.3	441.4	374.6	354.3	1431.0	1420.1	1432.7	1425.8	18.6	30.6	26.0	24.7	
6	8	261.4	454.1	358.6	346.6	1415.4	1404.0	1417.6	1407.9	18.5	31.9	25.1	24.5	
6	9	260.9	452.2	355.3	337.9	1400.1	1390.1	1402.3	1392.6	18.7	32.1	25.2	24.1	
6	10	258.2	449.4	359.6	316.4	1376.1	1367.6	1378.1	1371.2	18.8	32.4	25.9	22.9	
6	11	250.2	444.1	362.0	310.2	1358.0	1350.5	1358.8	1353.9	18.4	32.4	26.4	22.8	
6	12	249.0	446.6	357.8	298.5	1341.8	1335.0	1342.9	1342.0	18.5	33.0	26.4	22.1	
6	13	249.3	437.6	350.6	290.7	1318.3	1312.7	1318.6	1315.4	18.9	32.8	26.3	21.9	
6	14	243.7	436.2	340.8	289.7	1301.1	1294.6	1300.1	1296.7	18.7	33.2	25.9	22.2	
6	15	238.8	431.0	335.7	287.1	1283.5	1276.4	1282.5	1277.5	18.5	33.3	25.9	22.3	
6	16	232.7	430.2	329.7	275.6	1257.4	1250.8	1257.6	1253.1	18.4	33.9	25.9	21.8	
6	17	234.6	421.6	332.7	270.4	1247.8	1243.4	1249.4	1243.1	18.7	33.4	26.3	21.6	
6	18	230.6	412.0	325.7	268.1	1224.1	1221.3	1225.2	1218.8	18.7	33.2	26.2	21.8	
6	19	232.1	408.1	319.6	261.8	1206.4	1205.3	1209.1	1204.0	19.1	33.3	26.0	21.6	
6	20	230.1	400.4	315.5	266.6	1198.2	1195.6	1200.9	1196.7	19.1	33.0	25.9	22.1	
6	21	230.3	389.8	309.9	259.5	1175.2	1173.2	1177.0	1172.4	19.5	32.7	25.9	21.9	
6	22	225.6	390.1	303.7	258.4	1163.1	1162.1	1163.9	1161.4	19.3	33.1	25.7	22.0	
6	23	219.5	387.5	298.1	252.9	1143.4	1141.4	1143.5	1141.2	19.0	33.4	25.6	21.9	
6	24	214.6	384.9	292.8	251.5	1128.9	1126.8	1129.2	1125.2	18.9	33.6	25.5	22.1	
6	25	206.9	379.7	292.1	252.1	1116.9	1112.4	1115.0	1113.8	18.4	33.6	25.7	22.4	
6	26	204.6	376.0	287.7	250.0	1102.5	1099.4	1100.7	1100.7	18.4	33.6	25.6	22.4	
6	27	203.5	371.7	282.1	247.7	1089.1	1087.1	1086.4	1087.7	18.5	33.6	25.4	22.5	
6	28	206.2	357.9	279.5	242.6	1069.4	1067.6	1068.1	1068.8	19.1	32.9	25.6	22.4	
6	29	204.9	352.0	277.7	234.6	1052.1	1049.7	1050.4	1049.6	19.2	32.9	25.8	22.0	
6	30	199.8	353.6	276.7	232.7	1045.2	1044.2	1044.1	1039.6	18.9	33.2	25.9	22.0	
6	31	195.1	354.4	267.4	229.4	1023.3	1024.7	1026.3	1022.2	18.7	33.8	25.4	22.1	
6	32	187.3	355.6	268.2	220.6	1009.0	1009.4	1009.8	1007.3	18.2	34.5	25.8	21.5	
6	33	181.9	356.5	261.6	220.9	998.4	997.8	996.9	999.3	17.8	35.0	25.5	21.7	
6	34	182.2	344.9	260.1	215.3	978.5	978.7	976.2	982.6	18.2	34.5	25.9	21.4	
6	35	182.8	335.5	255.5	214.0	963.9	964.1	961.0	967.5	18.6	34.0	25.8	21.6	
6	36	186.9	327.9	250.8	217.0	955.7	958.2	957.1	959.4	19.1	33.4	25.4	22.1	
6	37	184.2	322.4	248.4	209.8	938.4	939.9	940.0	940.7	19.2	33.5	25.6	21.7	
6	38	183.4	317.9	241.6	207.9	921.0	925.9	925.5	926.7	19.4	33.4	25.3	21.9	
6	39	174.7	321.6	239.4	206.9	909.8	918.5	917.2	918.2	18.7	34.1	25.2	22.0	
6	40	170.5	310.5	236.1	204.7	891.6	897.5	895.3	896.0	18.6	33.7	25.5	22.2	
6	41	167.1	309.7	234.2	205.3	886.8	891.7	889.1	888.5	18.3	33.8	25.4	22.5	
6	42	164.5	307.7	231.7	200.7	874.9	879.2	876.6	876.2	18.3	34.0	25.4	22.3	
6	43	163.8	303.2	225.3	195.9	859.1	862.0	858.3	861.3	18.5	34.2	25.2	22.0	
6	44	164.3	295.9	226.3	192.8	848.8	853.5	849.7	847.9	18.8	33.6	25.6	22.0	
6	45	159.6	293.1	226.3	187.1	835.1	840.5	836.8	834.2	18.5	33.9	25.9	21.7	
6	46	159.3	285.0	226.8	183.3	822.7	826.7	826.2	825.1	18.7	33.5	26.3	21.4	
6	47	157.1	280.1	222.1	181.3	808.7	812.4	812.0	810.0	18.8	33.4	26.2	21.6	
6	48	152.1	277.8	214.5	183.9	794.8	800.8	799.0	795.4	18.5	33.6	25.6	22.3	
6	49	150.3	272.3	210.8	183.4	783.3	788.5	787.9	783.9	18.5	33.4	25.5	22.6	
6	50	147.9	274.4	208.3	180.4	773.0	782.5	780.0	779.3	18.4	33.9	25.5	22.2	
6	51	145.2	271.0	208.3	173.2	760.5	768.9	765.2	765.7	18.3	34.0	25.9	21.7	
6	52	144.7	270.2	205.8	167.0	751.4	757.7	754.9	754.0	18.5	34.5	25.9	21.2	
6	53	140.2	264.2	199.0	170.6	736.3	746.0	743.0	740.1	18.3	34.1	25.5	22.1	
6	54	152.2	278.3	222.3	183.3	761.0	779.9	779.3	765.7	18.2	33.7	25.9	22.2	
6	55	213.8	437.0	341.5	243.0	1235.3	1225.1	1234.2	1232.3	17.5	35.3	27.6	19.6	
6	56	191.4	442.3	301.3	245.7	1180.0	1168.4	1174.9	1173.0	16.3	37.4	25.5	20.8	
6	57	179.6	459.0	298.2	230.9	1166.6	1155.5	1161.6	1148.1	15.3	39.3	25.5	19.9	
6	58	171.1	437.1	308.3	228.8	1144.9	1133.8	1139.7	1126.2	14.9	38.0	26.9	20.1	
6	59	186.4	399.0	298.5	239.7	1121.1	1111.7	1117.5	1108.1	16.6	35.4	26.6	21.4	
6	60	192.2	386.1	299.7	236.7	1111.0	1102.7	1108.6	1101.0	17.3	34.6	26.9	21.2	
6	61	200.6	341.8	281.7	269.8	1088.8	1081.3	1085.9	1082.5	18.4	31.1	25.8	24.6	
6	62	198.8	348.5	271.4	263.6	1078.3	1068.0	1074.8	1068.9	18.4	32.2	25.0	24.4	
6	63	196.2	341.0	266.0	253.1	1044.1	1043.3	1047.3	1042.4	18.7	32.2	25.1	23.9	
6	64	196.7	343.2	273.0	239.6	1046.1	1037.2	1044.0	1037.7	18.8	32.6	25.8	22.8	
6	65	192.1	339.4	277.2	236.0	1037.5	1028.2	1034.9	1029.8	18.4	32.5	26.5	22.6	
6	66	189.5	339.4	274.8	225.8	1020.9	1012.3	1019.3	1016.0	18.5	33.0	26.6	21.9	
6	67	189.6	334.1	269.5	223.1	1008.5	999.3	1005.0	1001.2	18.7	32.9	26.4	21.9	
6	68	186.4	330.9	261.8	224.9	996.2	986.4	992.0	989.3	18.6	33.0	26.0	22.4	
6	69	182.6	326.1	257.5	222.3	980.0	970.9	975.1	972.3	18.5	33.0	26.0	22.5	
6	70	180.6	329.6	255.0	215.5	972.0	963.0	967.2	963.1	18.4	33.6	25.9	22.0	
6	71	181.3	320.9	256.1	209.4	958.5	949.7	954.2	950.0	18.7	33.2	26.4	21.6	
6	72	179.2	312.9	252.5	208.5	942.9	935.6	938.1	932.5	18.8	32.8	26.4	21.9	
6	73	181.6	311.5	249.6	204.1	936.5	928.2	932.2	927.7	19.2	32.9	26.2	21.5	
6	74	179.4	301.7	244.9	205.4	919.9	912.1	916.7	912.0	19.3	32.5	26.1	22.1	
6	75	180.8	295.5	239.9	200.2	904.5	896.8	902.2	895.8	19.7	32.3	26.0	21.9	
6	76	175.2	295.1	236.7	199.1	894.1	886.3	891.6	885.8	19.3	32.7	25.9	22.0	
6	77	171.2	294.5	233.3	194.9	880.4	874.2	879.2	873.3	19.2	33.0	25.9	21.8	
6	78	167.6	293.5	230.1	194.8	871.7	865.8	871.4	865.8	18.9	33.2	25.7	22.0	
6	79	160.2	287.1	227.6	195.0	856.3	848.9	854.9	849.8	18.4	33.1	25.9	22.4	
6	80	160.0	285.0	224.1	193.8	848.9	841.8	847.1	843.4	18.5	33.2	25.8	22.4	
6	81	159.7	281.9	220.8	191.9	839.2	832.9	838.3	835.2	18.7	33.1	25.6	22.4	
6	82	161.9	270.9	217.3	187.9	823.3	815.7	821.6	820.2	19.3	32.5	25.7	22.3	
6	83	162.3	269.2	219.0	184.7	820.4	811.7	819.1	814.9	19.4	32.4	26.0	22.1	
6	84	155.7	268.3	216.7	182.1	807.5	800.1	806.6	801.1	18.9	32.8	26.1	22.1	
6	85	151.9	268.9	209.3	178.3	791.6	785.4	791.8	787.0	18.8	33.4	25.6	22.0	
6	86	146.9	272.8	210.9	173.6	786.7	780.7	785.6	783.5	18.2	34.1	26.0	21.5	
6	87	143.5	272.1	205.1	173.4	775.2	769.8	774.2	773.1	18.0	34.5	25.6	21.7	
6	88	144.3	263.8	204.9	168.0	761.4	755.6	759.5	761.6	18.4	34.1	26.1	21.3	
6	89	146.2	257.9	202.4	168.5	755.5	749.4	753.4	755.3	18.8	33.6	25.9	21.5	
6	90	147.7	248.5	195.6	168.9	742.2	735.7	740.0	738.1	19.3	32.9	25.5	22.1	
6	91	145.5	246.9	194.5	163.1	730.0	724.5	729.4	728.2	19.3	33.2	25.7	21.6	
6	92	146.3	244.3	190.6	163.7	723.6	718.8	723.1	722.4	19.6	33.0	25.4	21.9	
6	93	139.6	244.8	188.1	161.5	711.6	708.1	712.6	711.9	19.0	33.7	25.4	21.9	
6	94	138.3	237.8	188.2	159.8	702.7	697.3	702.1	702.3	19.0	33.2	25.8	21.9	
6	95	135.1	237.8	186.4	160.5	697.6	693.4	697.8	697.3	18.7	33.3	25.6	22.2	
6	96	131.6	235.0	184.6	155.3	683.2	679.6	684.7	684.1	18.6	33.6	25.8	21.9	
6	97	132.2	232.8	179.9	152.7	672.7	671.4	674.9	675.4	19.0	33.6	25.5	21.8	
6	98	132.0	225.9	179.1	148.1	660.6	659.8	663.2	659.3	19.2	33.2	25.8	21.6	
6	99	128.3	222.6	179.5	143.8	649.6	647.7	653.0	649.0	19.0	33.4	26.3	21.3	
6	100	129.1	217.4	180.7	142.1	644.1	642.1	648.2	645.5	19.2	32.8	26.7	21.1	
6	101	127.2	212.3	176.5	140.8	631.2	629.9	635.5	632.7	19.3	32.6	26.5	21.3	
6	102	124.8	209.2	172.5	143.8	626.1	621.3	628.4	624.3	19.1	32.7	26.1	22.0	
6	103	123.9	207.7	170.3	144.5	620.9	617.3	624.4	622.0	19.1	32.6	26.0	22.2	
6	104	121.4	206.9	167.0	139.7	608.9	605.0	612.6	610.8	19.0	33.1	25.9	21.8	
6	105	118.6	206.3	168.1	135.0	601.6	597.4	605.0	604.3	18.8	33.4	26.4	21.2	
6	106	118.1	206.1	166.2	129.4	594.0	589.4	596.7	595.6	18.9	33.9	26.5	20.6	
6	107	114.2	198.7	160.2	131.2	579.1	574.4	582.4	579.6	18.7	33.5	26.1	21.6	
6	108	124.2	207.2	177.7	139.2	600.7	600.1	612.1	598.9	18.8	33.1	26.4	21.5	
#Lane	Cycle	All A	All C	All G	All T	Call A	Call C	Call G	Call T	Base A	Base C	Base G	Base T
7	1	256.1	539.4	539.1	281.4	1601.8	1600.7	1606.6	1607.7	16.4	32.9	33.3	17.3	
7	2	223.7	564.0	504.5	251.4	1531.0	1524.4	1531.9	1528.5	14.8	36.3	32.6	16.3	
7	3	221.3	538.8	449.4	291.1	1489.0	1480.9	1489.9	1474.9	15.0	35.6	29.9	19.5	
7	4	214.9	510.3	467.4	275.9	1458.8	1452.0	1460.7	1438.9	14.9	34.4	31.7	18.9	
7	5	214.9	471.2	461.9	302.7	1440.1	1429.3	1438.7	1427.7	15.0	32.2	31.8	20.9	
7	6	235.6	448.3	404.3	338.3	1411.7	1406.2	1414.7	1407.9	16.8	31.2	28.3	23.8	
7	7	246.7	407.4	381.3	373.4	1393.5	1387.4	1394.4	1388.2	17.8	28.6	27.1	26.6	
7	8	252.1	430.2	357.4	360.6	1382.8	1375.5	1386.6	1379.7	18.3	30.5	25.4	25.8	
7	9	262.7	432.2	356.7	328.4	1363.3	1357.4	1364.3	1357.2	19.3	31.1	25.8	23.9	
7	10	255.7	433.5	356.5	309.0	1334.6	1330.9	1338.2	1335.2	19.1	31.8	26.2	22.8	
7	11	261.2	430.0	351.2	297.6	1317.5	1318.5	1322.4	1321.2	19.8	31.8	26.1	22.2	
7	12	244.4	431.3	345.9	295.7	1294.6	1294.7	1299.2	1297.5	18.8	32.5	26.2	22.5	
7	13	253.4	425.6	344.3	273.9	1276.8	1275.3	1279.1	1274.4	19.8	32.6	26.5	21.2	
7	14	251.4	408.3	322.1	295.2	1255.7	1255.3	1258.8	1254.8	19.9	31.8	25.1	23.2	
7	15	242.1	399.6	326.7	287.6	1235.2	1231.9	1236.7	1234.5	19.5	31.7	25.9	22.9	
7	16	225.9	416.7	321.6	274.5	1217.5	1214.8	1220.3	1214.3	18.4	33.5	25.8	22.2	
7	17	232.8	408.9	308.0	275.4	1204.0	1203.9	1206.9	1202.3	19.2	33.2	25.0	22.5	
7	18	218.9	405.9	312.8	261.5	1176.0	1176.9	1177.0	1171.1	18.3	33.8	26.0	21.9	
7	19	237.0	384.2	310.1	259.5	1166.9	1168.7	1170.0	1167.2	20.1	32.1	25.9	21.8	
7	20	219.3	390.1	301.8	264.5	1152.6	1152.9	1154.7	1154.4	18.9	33.1	25.5	22.5	
7	21	233.7	362.6	303.5	257.0	1132.9	1135.5	1135.0	1135.9	20.4	31.2	26.2	22.2	
7	22	216.9	355.9	313.4	254.1	1115.6	1120.4	1118.5	1118.4	19.3	31.0	27.4	22.3	
7	23	220.6	353.0	295.3	249.5	1095.4	1096.7	1095.9	1096.8	19.9	31.5	26.3	22.3	
7	24	220.0	355.8	278.4	257.2	1086.2	1089.8	1089.7	1087.0	20.0	31.9	24.9	23.2	
7	25	207.6	365.0	272.3	244.8	1065.4	1066.0	1068.2	1066.0	19.2	33.4	24.8	22.5	
7	26	209.5	348.1	268.0	252.9	1056.6	1055.0	1055.0	1053.6	19.5	32.2	24.7	23.5	
7	27	201.9	335.3	263.6	258.9	1037.4	1036.1	1034.5	1036.1	19.2	31.5	24.8	24.5	
7	28	204.2	327.1	266.8	242.2	1017.9	1015.9	1015.7	1017.3	19.8	31.4	25.6	23.3	
7	29	201.3	330.8	259.1	238.9	1009.5	1004.5	1004.3	1006.4	19.6	32.1	25.1	23.2	
7	30	199.7	334.8	255.2	229.7	996.8	994.5	993.6	993.0	19.7	32.8	24.9	22.6	
7	31	191.8	334.1	247.7	228.3	977.0	974.1	974.5	975.3	19.2	33.4	24.6	22.8	
7	32	182.6	326.8	259.1	225.3	968.9	964.7	966.6	966.4	18.4	32.9	26.0	22.7	
7	33	175.4	348.6	243.8	210.9	952.5	950.4	950.7	953.5	18.0	35.8	24.8	21.5	
7	34	186.5	315.8	243.4	210.8	928.4	927.4	927.8	931.3	19.6	33.1	25.3	22.0	
7	35	186.7	307.3	249.1	202.6	918.8	916.7	915.2	922.5	19.8	32.6	26.3	21.3	
7	36	186.8	302.6	234.4	211.8	905.3	904.3	904.5	912.0	20.1	32.5	25.0	22.4	
7	37	182.3	303.7	233.6	197.4	886.8	886.5	889.4	890.7	20.0	33.3	25.3	21.4	
7	38	176.3	294.3	236.9	200.3	876.7	876.3	878.9	879.4	19.5	32.5	26.0	22.0	
7	39	172.6	295.9	222.2	201.0	859.1	862.0	863.1	862.8	19.5	33.2	24.7	22.6	
7	40	166.2	294.6	230.2	190.2	850.2	850.5	851.5	851.8	18.9	33.6	26.0	21.5	
7	41	168.9	293.5	216.9	190.9	838.3	839.2	840.1	840.8	19.5	33.9	24.7	21.9	
7	42	166.0	286.5	212.6	189.5	822.5	822.5	825.1	826.0	19.6	33.6	24.6	22.2	
7	43	167.1	281.3	212.2	180.8	811.7	809.1	809.1	810.9	19.9	33.6	25.0	21.4	
7	44	163.8	278.1	213.9	173.1	797.2	797.7	797.2	796.9	19.9	33.6	25.6	20.9	
7	45	155.1	265.1	208.8	187.2	783.6	784.3	785.2	783.2	19.1	32.5	25.3	23.1	
7	46	162.9	253.2	215.7	174.2	771.8	771.9	774.9	777.0	20.4	31.6	26.6	21.5	
7	47	173.8	246.8	203.9	165.9	758.8	758.8	759.3	756.6	22.2	31.2	25.6	21.0	
7	48	152.4	246.3	212.4	168.4	746.2	747.5	748.5	744.3	19.6	31.6	27.1	21.6	
7	49	144.8	247.2	203.3	173.2	734.2	735.9	737.9	734.2	18.9	32.2	26.3	22.6	
7	50	139.3	243.9	210.1	166.0	723.9	725.8	728.3	725.5	18.5	32.2	27.5	21.8	
7	51	137.2	237.9	214.4	153.9	706.0	709.5	712.1	707.8	18.6	32.1	28.7	20.6	
7	52	136.2	239.5	200.0	157.1	695.9	700.1	700.0	696.5	18.7	32.7	27.1	21.4	
7	53	129.4	232.9	186.0	166.2	677.1	682.0	683.4	680.1	18.3	32.6	25.8	23.3	
7	54	144.8	244.6	207.1	173.8	703.8	714.8	718.2	704.1	18.7	32.2	26.1	23.0	
7	55	175.7	401.4	390.1	217.4	1177.2	1161.4	1170.2	1174.6	15.0	33.8	33.0	18.2	
7	56	160.8	426.7	369.1	184.0	1133.3	1116.2	1124.5	1125.2	14.2	37.3	32.4	16.1	
7	57	157.8	413.5	334.9	213.0	1106.3	1094.8	1103.3	1092.1	14.2	36.9	29.9	19.1	
7	58	147.9	394.9	346.8	204.4	1082.2	1069.5	1078.3	1063.4	13.6	36.0	31.7	18.8	
7	59	162.8	353.1	338.7	227.1	1067.7	1055.5	1064.6	1055.6	15.1	32.5	31.3	21.0	
7	60	176.6	339.6	296.5	250.6	1047.1	1037.8	1045.9	1040.1	16.7	31.8	27.9	23.6	
7	61	182.3	306.1	278.5	280.0	1029.3	1019.7	1027.7	1024.9	17.5	29.1	26.6	26.7	
7	62	186.6	324.0	263.0	263.5	1019.4	1006.3	1017.6	1014.9	18.1	31.3	25.3	25.3	
7	63	195.8	321.6	262.1	241.0	999.1	991.3	999.6	996.1	19.3	31.5	25.6	23.6	
7	64	190.0	325.1	261.2	229.3	985.8	974.0	984.0	983.8	19.0	32.4	25.9	22.7	
7	65	192.1	321.3	260.0	220.1	971.7	962.8	971.7	971.8	19.5	32.4	26.1	22.0	
7	66	182.7	323.1	257.1	217.5	958.6	946.9	959.0	957.6	18.7	33.1	26.0	22.1	
7	67	189.8	320.3	256.3	204.8	950.8	938.7	949.4	945.7	19.6	33.1	26.3	21.0	
7	68	188.8	301.7	240.8	223.5	934.5	921.5	931.7	929.7	19.8	31.7	25.1	23.3	
7	69	186.2	297.5	244.5	215.6	922.4	909.5	917.6	919.5	19.7	31.6	25.9	22.7	
7	70	173.5	312.5	242.0	206.8	914.7	901.4	909.8	905.5	18.5	33.6	25.7	22.1	
7	71	177.4	305.4	230.0	204.4	897.9	883.5	891.9	890.1	19.3	33.5	24.9	22.1	
7	72	169.9	305.2	234.6	198.5	887.5	875.2	882.2	877.6	18.6	33.8	25.7	21.8	
7	73	181.7	288.7	232.4	196.0	877.3	864.1	873.5	871.6	20.2	32.3	25.7	21.7	
7	74	167.0	292.0	227.0	200.9	863.4	852.5	860.9	860.0	18.8	33.1	25.4	22.5	
7	75	179.2	271.3	230.1	193.4	850.3	839.3	848.4	846.2	20.5	31.2	26.2	22.0	
7	76	164.4	262.9	239.8	191.9	835.7	824.0	833.6	830.7	19.1	30.8	27.8	22.2	
7	77	168.3	265.1	228.5	188.2	825.8	815.0	823.8	823.5	19.8	31.4	26.7	22.0	
7	78	165.6	263.8	215.0	193.7	813.1	803.4	812.0	810.7	19.8	31.7	25.4	23.0	
7	79	137.5	236.9	174.1	163.3	696.6	685.9	685.1	695.0	19.0	33.4	25.0	22.5	
7	80	161.2	260.0	206.5	188.3	792.3	781.2	789.1	789.7	19.8	32.2	25.0	23.0	
7	81	153.3	251.0	202.6	195.0	777.3	766.9	775.3	774.8	19.0	31.6	25.0	24.2	
7	82	155.0	246.9	205.7	184.5	769.2	755.9	765.7	767.7	19.5	31.5	25.8	23.1	
7	83	153.3	249.3	200.2	181.4	762.2	747.8	757.7	758.4	19.4	32.2	25.3	23.0	
7	84	151.2	251.9	195.8	173.3	749.0	736.6	745.7	745.6	19.5	33.0	25.1	22.3	
7	85	146.7	250.6	191.8	172.9	737.9	726.5	734.8	735.8	19.1	33.3	24.9	22.5	
7	86	140.8	243.8	197.4	172.5	730.0	718.6	725.5	728.3	18.5	32.7	26.0	22.6	
7	87	135.7	259.1	187.9	161.2	716.8	709.0	713.9	717.2	18.1	35.3	25.0	21.4	
7	88	146.2	235.5	188.1	161.1	704.3	693.7	700.6	706.0	19.9	32.7	25.6	21.7	
7	89	146.7	230.3	192.0	155.7	700.2	688.4	693.4	698.8	20.1	32.2	26.4	21.1	
7	90	145.9	222.7	179.5	164.2	686.0	675.4	680.7	687.1	20.4	31.7	25.1	22.7	
7	91	142.5	230.0	179.6	153.8	678.6	669.8	676.5	680.1	20.1	33.1	25.3	21.4	
7	92	137.5	220.9	182.0	157.2	670.5	661.8	667.7	669.0	19.5	32.0	26.0	22.3	
7	93	136.7	220.9	173.9	156.1	658.8	652.5	658.0	659.0	19.8	32.6	25.0	22.5	
7	94	133.7	221.2	181.3	145.9	654.2	645.7	652.7	653.9	19.4	33.0	26.4	21.1	
7	95	135.4	216.6	171.9	145.0	640.6	633.4	638.6	642.0	20.1	32.9	25.5	21.4	
7	96	133.2	211.5	169.4	144.4	628.6	622.4	628.4	632.7	20.2	32.5	25.5	21.6	
7	97	133.4	212.1	168.3	138.0	622.9	617.5	619.7	624.3	20.4	32.9	25.7	20.9	
7	98	130.5	207.2	169.3	131.8	610.2	604.2	608.3	610.2	20.3	32.9	26.3	20.3	
7	99	124.8	195.8	167.4	143.0	601.8	595.6	600.8	603.7	19.6	31.5	26.3	22.5	
7	100	132.0	188.7	171.6	131.8	592.8	589.5	594.3	597.4	21.2	30.6	27.3	20.8	
7	101	138.5	182.9	161.7	126.9	582.9	576.2	580.4	580.9	22.6	30.3	26.3	20.6	
7	102	123.8	182.9	169.9	129.8	578.0	571.1	576.9	577.2	20.2	30.6	27.9	21.1	
7	103	117.3	183.6	163.1	135.3	569.2	564.5	569.5	572.2	19.4	31.0	27.1	22.3	
7	104	113.9	181.1	169.4	128.5	563.0	555.7	564.2	565.5	19.0	31.2	28.4	21.3	
7	105	112.6	178.5	173.4	119.7	553.5	547.5	555.8	556.1	19.1	31.1	29.6	20.1	
7	106	111.7	177.6	164.8	121.1	544.7	538.6	546.4	548.3	19.2	31.5	28.5	20.7	
7	107	107.2	172.8	153.1	130.1	532.5	526.8	534.4	536.9	18.8	31.3	26.9	22.8	
7	108	118.1	180.8	167.2	134.8	553.9	551.4	560.4	553.1	19.1	31.1	27.1	22.5	
#Lane	Cycle	All A	All C	All G	All T	Call A	Call C	Call G	Call T	Base A	Base C	Base G	Base T
8	1	294.7	569.6	484.2	332.0	1718.5	1669.2	1686.6	1690.3	17.4	34.2	28.8	19.5	
8	2	273.2	545.5	451.7	313.3	1652.8	1557.0	1584.7	1597.7	16.4	35.6	28.4	19.5	
8	3	265.1	525.7	422.0	326.5	1621.2	1510.0	1536.5	1550.7	16.1	35.6	27.4	21.0	
8	4	254.8	505.0	423.5	318.0	1585.6	1473.2	1497.7	1507.4	15.9	34.9	28.2	21.0	
8	5	255.4	466.0	412.2	332.7	1522.4	1435.1	1468.0	1473.2	16.6	33.1	27.9	22.4	
8	6	261.6	461.9	385.7	352.8	1510.8	1433.5	1456.7	1468.7	17.2	32.6	26.3	23.9	
8	7	266.3	426.0	369.8	376.1	1473.9	1411.7	1431.4	1443.6	17.9	30.5	25.6	25.9	
8	8	263.2	440.8	355.0	369.1	1462.9	1401.0	1423.0	1430.4	17.9	31.8	24.7	25.7	
8	9	264.3	440.3	354.4	347.0	1432.5	1380.1	1397.7	1404.0	18.3	32.1	25.0	24.6	
8	10	259.8	439.2	354.7	330.1	1410.4	1357.5	1373.5	1382.6	18.2	32.6	25.5	23.7	
8	11	263.7	434.1	350.8	319.9	1383.9	1344.2	1355.5	1366.6	18.9	32.4	25.5	23.2	
8	12	254.2	433.0	340.4	314.4	1359.9	1316.1	1326.3	1339.9	18.4	33.0	25.2	23.3	
8	13	261.0	430.3	336.3	299.6	1340.1	1304.2	1309.3	1319.3	19.3	33.0	25.2	22.5	
8	14	257.4	419.0	321.7	306.3	1313.1	1279.7	1285.8	1297.4	19.4	32.7	24.5	23.4	
8	15	245.9	408.6	324.4	298.9	1291.8	1250.8	1258.9	1268.9	18.7	32.7	25.2	23.3	
8	16	232.9	416.8	321.2	289.4	1279.0	1232.4	1241.9	1251.2	17.9	34.0	25.3	22.9	
8	17	232.9	406.5	306.7	286.9	1242.7	1206.8	1213.3	1222.6	18.4	33.7	24.7	23.2	
8	18	228.0	398.0	308.8	278.7	1224.0	1187.8	1193.3	1198.7	18.2	33.6	25.2	23.0	
8	19	230.1	384.8	305.5	274.4	1195.4	1168.3	1172.3	1176.4	18.8	32.8	25.3	23.1	
8	20	222.1	382.2	299.8	272.4	1181.9	1149.5	1154.0	1162.9	18.4	33.2	25.3	23.1	
8	21	224.0	367.7	301.6	266.8	1161.0	1134.6	1135.4	1144.9	18.9	32.3	25.9	23.0	
8	22	217.0	360.3	301.8	258.9	1136.3	1112.5	1110.7	1121.4	18.7	32.1	26.5	22.7	
8	23	216.6	357.7	291.9	255.4	1118.5	1096.1	1093.4	1105.7	18.9	32.4	25.9	22.7	
8	24	213.6	356.2	277.4	255.1	1097.9	1076.6	1074.0	1083.1	19.0	32.8	25.0	23.1	
8	25	203.4	358.4	270.1	247.9	1079.2	1051.5	1052.3	1060.9	18.3	33.9	24.8	23.0	
8	26	199.6	348.6	265.4	252.6	1062.2	1038.9	1038.0	1046.4	18.3	33.3	24.7	23.7	
8	27	195.5	332.3	254.9	253.1	1030.4	1007.7	1003.3	1016.8	18.4	32.6	24.6	24.4	
8	28	199.9	328.5	256.4	240.2	1015.7	996.1	993.6	1004.5	19.1	32.6	24.9	23.4	
8	29	197.0	326.6	248.3	234.0	993.7	977.7	973.0	983.4	19.2	32.9	24.6	23.3	
8	30	192.4	323.3	242.6	229.7	975.7	958.7	954.9	962.7	19.1	33.1	24.4	23.3	
8	31	185.3	323.8	237.1	227.3	959.7	940.5	940.5	947.0	18.6	33.9	24.2	23.4	
8	32	178.0	317.4	236.4	220.2	937.5	918.4	917.6	927.2	18.2	34.0	24.7	23.1	
8	33	168.8	325.8	223.1	211.0	911.8	894.1	891.6	903.3	17.7	35.7	23.9	22.7	
8	34	169.5	303.3	226.0	206.7	885.8	871.2	870.1	879.7	18.4	34.1	24.6	22.9	
8	35	123.8	217.3	136.2	153.5	625.0	612.9	566.4	632.1	18.8	33.8	24.6	22.8	
8	36	128.1	220.8	135.2	157.7	632.4	615.6	568.3	632.5	19.1	34.1	23.4	23.4	
8	37	161.5	280.4	208.3	186.8	811.5	802.8	801.2	806.3	19.2	34.0	24.4	22.5	
8	38	156.2	275.3	205.4	189.5	797.9	789.6	787.5	798.1	18.6	33.8	24.9	22.8	
8	39	151.9	271.4	194.1	184.7	769.6	766.8	761.9	772.8	18.7	34.1	24.2	22.9	
8	40	146.4	267.8	196.1	180.4	758.9	755.1	750.9	761.4	18.3	34.3	24.8	22.6	
8	41	144.2	265.1	185.8	179.7	741.8	739.3	734.7	744.6	18.4	34.6	23.9	23.1	
8	42	140.5	260.1	180.0	177.0	724.3	721.0	717.5	727.1	18.4	34.7	23.7	23.2	
8	43	140.3	256.1	180.0	169.1	712.3	708.4	703.7	715.7	18.7	34.8	24.1	22.4	
8	44	135.8	252.6	177.2	160.5	690.7	688.8	683.8	694.3	18.6	35.2	24.4	21.9	
8	45	130.3	241.3	173.2	163.0	672.6	671.4	666.4	674.2	18.3	34.4	24.4	22.9	
8	46	132.6	230.0	174.7	155.1	655.2	655.0	652.5	660.7	19.1	33.6	25.1	22.1	
8	47	136.1	221.7	163.2	148.4	633.3	633.3	627.5	637.6	20.3	33.4	24.4	21.9	
8	48	123.7	218.4	168.0	149.7	620.9	621.9	620.3	623.4	18.8	33.4	25.2	22.6	
8	49	115.8	206.2	135.8	147.8	573.8	565.0	543.3	569.1	18.3	34.2	23.8	23.7	
8	50	112.2	212.2	163.7	142.6	588.9	592.7	591.5	593.5	17.9	34.0	25.6	22.5	
8	51	110.7	206.7	158.9	136.9	572.3	576.7	570.8	579.7	18.0	34.0	26.1	21.9	
8	52	109.4	205.9	153.6	134.5	561.0	567.2	561.7	568.1	18.2	34.3	25.5	22.0	
8	53	103.4	200.2	143.5	137.0	541.4	547.9	543.0	548.8	17.8	34.5	24.5	23.2	
8	54	114.0	208.5	157.8	144.7	549.1	564.4	560.6	558.6	18.2	34.0	24.7	23.1	
8	55	142.3	277.9	215.9	165.4	814.3	786.6	801.9	795.6	17.4	35.3	26.8	20.6	
8	56	137.3	277.6	208.3	148.9	788.2	754.2	766.6	768.1	17.2	36.8	26.8	19.1	
8	57	128.5	270.7	199.3	153.3	769.7	732.5	744.2	745.6	16.3	37.0	26.4	20.3	
8	58	120.0	261.4	199.6	151.2	755.4	713.7	725.2	727.4	15.5	36.8	27.2	20.5	
8	59	127.0	237.9	194.8	163.8	738.9	704.3	716.0	719.5	16.9	33.8	26.8	22.5	
8	60	128.2	233.0	182.6	166.6	720.4	690.9	702.2	706.7	17.5	33.7	25.6	23.2	
8	61	129.0	213.6	176.1	182.5	708.7	682.5	691.6	697.2	17.9	31.2	25.1	25.8	
8	62	127.9	218.2	169.5	174.1	695.5	668.6	681.0	685.5	18.0	32.5	24.4	25.0	
8	63	129.0	216.2	168.5	164.6	681.1	657.3	668.0	673.0	18.6	32.7	24.7	24.1	
8	64	127.1	217.7	168.5	156.8	673.1	649.5	659.8	664.2	18.5	33.3	24.9	23.2	
8	65	109.0	183.3	141.0	130.8	566.2	547.8	549.5	561.4	18.8	33.0	25.2	22.8	
8	66	124.2	211.4	164.6	148.4	648.9	626.1	637.4	642.0	18.7	33.5	25.1	22.7	
8	67	126.8	208.1	162.5	142.9	639.8	618.7	628.7	631.1	19.3	33.3	25.1	22.1	
8	68	111.2	177.5	134.3	130.6	555.0	535.7	538.3	548.0	19.5	32.7	24.5	23.3	
8	69	122.0	196.0	157.0	143.1	616.7	595.7	605.2	608.0	19.2	32.5	25.1	23.0	
8	70	116.3	200.3	153.3	136.7	607.1	584.4	594.5	594.6	18.5	34.0	25.0	22.5	
8	71	117.3	195.0	148.2	134.8	594.2	572.7	582.7	583.5	19.1	33.7	24.6	22.5	
8	72	114.6	192.0	150.2	131.4	586.7	566.6	574.8	574.2	18.9	33.5	25.3	22.3	
8	73	115.5	184.2	149.8	129.6	575.9	556.2	565.8	566.3	19.4	32.7	25.6	22.3	
8	74	110.5	183.2	147.6	130.9	568.3	548.6	558.8	559.1	18.8	33.0	25.3	22.8	
8	75	83.5	133.0	100.4	97.7	415.8	402.8	394.1	412.0	19.3	32.3	25.6	22.8	
8	76	105.8	169.7	148.8	123.1	542.2	524.5	533.7	533.4	18.9	31.8	26.7	22.5	
8	77	106.5	169.6	145.5	120.6	535.9	519.0	528.5	528.0	19.1	32.1	26.5	22.1	
8	78	104.0	166.5	139.6	120.9	524.7	507.3	518.1	516.1	19.0	32.3	25.8	22.7	
8	79	95.7	159.9	126.1	112.4	491.3	473.3	479.0	481.9	18.6	33.2	25.5	22.6	
8	80	100.9	164.8	133.8	117.8	510.0	494.0	504.4	501.3	19.0	32.8	25.3	22.8	
8	81	90.5	144.7	112.4	109.4	454.7	438.2	437.3	446.0	18.9	32.3	25.0	23.6	
8	82	99.8	156.2	130.8	113.9	492.7	477.1	487.7	484.3	19.5	32.2	25.5	22.8	
8	83	91.2	140.0	109.0	102.8	441.0	423.1	423.1	431.7	19.6	32.4	25.1	22.8	
8	84	96.9	154.0	125.2	109.6	478.0	462.0	472.5	468.3	19.4	32.7	25.1	22.6	
8	85	94.0	152.8	121.0	108.7	468.9	453.2	463.2	459.8	19.1	33.1	24.9	22.8	
8	86	88.3	145.1	113.6	103.1	444.1	428.2	433.7	436.1	18.8	33.2	25.1	22.7	
8	87	88.7	153.5	115.9	103.3	452.4	437.4	446.7	444.7	18.6	34.4	24.6	22.3	
8	88	91.5	144.7	115.6	101.2	442.0	428.8	437.5	436.6	19.7	33.0	25.0	22.2	
8	89	86.4	131.1	103.4	93.2	407.4	392.5	394.5	402.0	20.1	32.6	25.2	22.0	
8	90	87.3	131.1	101.7	95.7	407.7	393.2	397.5	401.2	20.3	32.6	24.3	22.7	
8	91	88.1	137.9	108.3	95.6	417.9	406.0	414.6	413.7	20.0	33.2	24.7	22.1	
8	92	85.3	133.6	106.6	95.6	409.4	397.1	405.3	403.7	19.6	32.7	24.9	22.6	
8	93	84.5	131.7	104.6	93.8	401.6	390.8	398.8	396.7	19.8	32.8	24.7	22.6	
8	94	79.3	124.8	98.8	87.8	379.7	369.2	372.3	375.7	19.6	32.9	25.3	22.2	
8	95	79.8	126.5	102.0	88.8	383.6	373.3	381.2	379.6	19.6	32.9	25.1	22.3	
8	96	78.1	122.3	96.6	86.3	371.0	360.5	366.3	367.8	19.7	33.0	24.9	22.3	
8	97	76.9	124.3	99.4	83.0	367.1	360.6	368.0	364.6	19.7	33.4	25.1	21.7	
8	98	71.7	107.7	73.7	75.2	321.3	305.3	299.5	309.2	20.0	33.9	23.7	22.2	
8	99	72.7	116.4	98.7	80.1	351.2	345.2	352.6	347.9	19.4	32.6	26.0	21.9	
8	100	75.2	111.1	97.2	77.1	343.7	337.4	344.9	341.5	20.5	31.7	26.3	21.3	
8	101	74.6	102.4	82.6	74.1	321.4	310.6	312.2	315.1	21.3	31.6	25.0	21.9	
8	102	71.1	105.7	94.9	76.0	331.0	324.3	331.7	328.3	20.0	31.4	26.6	21.8	
8	103	68.8	103.4	91.9	76.1	323.6	315.8	324.7	321.6	19.7	31.6	26.3	22.3	
8	104	65.7	95.9	76.9	71.2	299.1	286.9	284.8	291.3	19.7	32.2	25.6	22.3	
8	105	64.6	101.4	92.1	70.0	310.4	304.3	312.5	308.4	19.2	32.1	27.3	21.3	
8	106	64.0	97.9	88.2	68.4	300.9	294.3	301.7	300.5	19.5	32.0	27.2	21.2	
8	107	60.1	96.1	84.2	68.7	291.7	285.9	293.7	290.1	18.9	32.4	26.3	22.3	
8	108	71.0	85.4	57.1	75.3	256.6	234.6	236.3	246.7	21.5	33.2	19.9	25.2	
